3 0.552734375 0.3472800925925926 0.044921875 0.020196759259259345
3 0.158203125 0.353125 0.044921875 0.020196759259259345
4 0.234375 0.3519965277777778 0.041015625 0.02013888888888893
4 0.3125 0.35083912037037035 0.041015625 0.02013888888888893
0 0.154296875 0.3043547453703703 0.03125 0.027806712962962887
7 0.47265625 0.29768518518518516 0.02734375 0.025795717592592582
5 0.47265625 0.34651331018518516 0.021484375 0.03547453703703707
8 0.5546875 0.2964699074074074 0.02734375 0.025795717592592582
6 0.392578125 0.3008246527777778 0.025390625 0.027719907407407485
5 0.39453125 0.3476707175925926 0.021484375 0.03547453703703707
1 0.234375 0.3031684027777778 0.02734375 0.027748842592592582
2 0.3125 0.30201099537037035 0.02734375 0.027748842592592582