5 0.2998263888888889 0.3853877314814815 0.016189236111111116 0.025853587962963
8 0.581640625 0.3516637731481481 0.02000868055555549 0.02206307870370372
5 0.4150173611111111 0.38392650462962963 0.016189236111111116 0.025853587962963
4 0.5282118055555556 0.38447627314814814 0.029600694444444464 0.01453993055555558
2 0.41575520833333335 0.35072337962962963 0.02196180555555549 0.022120949074074026
1 0.36106770833333335 0.35234374999999996 0.02196180555555549 0.022120949074074137
3 0.3583767361111111 0.38560474537037037 0.029644097222222276 0.01649305555555558
0 0.30060763888888886 0.3502314814814815 0.025954861111111116 0.02614293981481486
6 0.47434895833333335 0.3489872685185185 0.02196180555555549 0.022120949074074026
3 0.5789496527777778 0.38492476851851853 0.029644097222222276 0.01649305555555558
7 0.5270399305555555 0.34937789351851856 0.01996527777777768 0.02010995370370372
4 0.4716145833333333 0.3842013888888889 0.031597222222222276 0.016550925925925886
5 0.028645833333333336 0.46759259259259256 0.01987847222222222 0.01620370370370372
3 0.05594618055555556 0.4687355324074074 0.015928819444444436 0.014134837962962887
0 0.04427083333333333 0.4671296296296296 0.019748263888888895 0.01034432870370372