2 0.5713975694444444 0.3731336805555555 0.03038194444444442 0.02795138888888893
6 0.6319444444444444 0.3744791666666667 0.02647569444444442 0.027864583333333304
1 0.5108506944444444 0.37178819444444444 0.03038194444444442 0.02795138888888893
4 0.4544270833333333 0.40755208333333337 0.037109375 0.018359374999999956
7 0.6924913194444444 0.37582465277777777 0.03038194444444442 0.02795138888888893
3 0.5169270833333334 0.40894097222222225 0.037109375 0.018359374999999956
0 0.4500868055555556 0.36848958333333337 0.02604166666666674 0.023958333333333304
5 0.7571614583333333 0.4142795138888889 0.02278645833333348 0.02973090277777779
4 0.6360677083333334 0.4115885416666667 0.037109375 0.018359374999999956
3 0.5774739583333334 0.4102864583333333 0.03515625 0.018315972222222254
8 0.7530381944444444 0.3771701388888889 0.03038194444444442 0.02795138888888893
5 0.6985677083333333 0.4129774305555556 0.02278645833333348 0.02973090277777768