3 0.478515625 0.28515625 0.056640625 0.025390625
3 0.24609375 0.28125 0.056640625 0.025390625
4 0.70703125 0.28515625 0.052734375 0.021484375
2 0.478515625 0.21484375 0.04296875 0.041015625
4 0.8203125 0.28515625 0.052734375 0.021484375
5 0.59375 0.28125 0.03125 0.04296875
1 0.357421875 0.212890625 0.041015625 0.037109375
5 0.36328125 0.28125 0.03125 0.04296875
6 0.599609375 0.21484375 0.04296875 0.041015625
0 0.236328125 0.2109375 0.046875 0.041015625
8 0.83984375 0.216796875 0.05078125 0.041015625
7 0.72265625 0.21484375 0.04296875 0.04296875