3 0.509765625 0.39453125 0.03125 0.015625
3 0.23046875 0.39453125 0.02734375 0.015625
4 0.28515625 0.39453125 0.02734375 0.015625
4 0.341796875 0.39453125 0.02734375 0.015625
8 0.51171875 0.361328125 0.021484375 0.021484375
6 0.3984375 0.361328125 0.021484375 0.021484375
2 0.33984375 0.361328125 0.025390625 0.021484375
0 0.23046875 0.361328125 0.021484375 0.021484375
5 0.455078125 0.39453125 0.015625 0.02734375
7 0.455078125 0.361328125 0.021484375 0.021484375
5 0.3984375 0.39453125 0.015625 0.02734375
1 0.28515625 0.361328125 0.021484375 0.021484375