4 0.7204137731481481 0.31940104166666666 0.04304108796296302 0.020746527777777746
3 0.6389901620370371 0.3159722222222222 0.04735243055555571 0.024768518518518468
3 0.8024450231481481 0.3169704861111111 0.04344618055555549 0.024652777777777746
4 0.46166087962962965 0.3173321759259259 0.04694733796296302 0.020862268518518468
2 0.5589265046296297 0.26187789351851853 0.03664641203703711 0.0341869212962963
5 0.5513020833333333 0.3166232638888889 0.027083333333333348 0.03585069444444444
0 0.37634548611111107 0.25755208333333335 0.03859953703703711 0.03424479166666661
6 0.642505787037037 0.26329571759259257 0.03274016203703711 0.03407118055555558
5 0.37026909722222223 0.31614583333333335 0.02748842592592593 0.03975694444444444
7 0.7260850694444445 0.26471354166666666 0.03274016203703711 0.03407118055555558
1 0.46753472222222225 0.26069155092592594 0.03624131944444442 0.030280671296296302
8 0.8077112268518518 0.2661892361111111 0.03233506944444442 0.03016493055555558