3 0.8695746527777777 0.35546875 0.04730902777777768 0.021484375
3 0.4496527777777778 0.35546875 0.04340277777777779 0.021484375
4 0.6156684027777777 0.35546875 0.04730902777777768 0.021484375
4 0.5336371527777777 0.35546875 0.04730902777777768 0.021484375
8 0.8637152777777777 0.302734375 0.03472222222222232 0.03125
5 0.6996527777777778 0.35546875 0.02756076388888884 0.037109375
6 0.6940104166666666 0.3046875 0.03038194444444442 0.02734375
5 0.7836371527777778 0.35546875 0.02756076388888884 0.037109375
1 0.5279947916666666 0.3046875 0.03428819444444442 0.02734375
0 0.4442274305555556 0.306640625 0.03472222222222232 0.03125
7 0.7777777777777777 0.302734375 0.03472222222222232 0.03125
2 0.6100260416666666 0.3046875 0.03428819444444442 0.02734375