3 0.5180121527777778 0.3931857638888889 0.03256655092592586 0.014366319444444442
4 0.6783564814814815 0.39479166666666665 0.03256655092592586 0.014366319444444442
6 0.6268663194444444 0.3603732638888889 0.023553240740740833 0.02196180555555549
8 0.7399594907407407 0.36484375 0.027647569444444464 0.024001736111111116
7 0.6854600694444444 0.3616753472222222 0.025882523148148096 0.025911458333333304
5 0.4615596064814815 0.38997395833333337 0.019835069444444464 0.02382812500000009
5 0.5711226851851852 0.39045138888888886 0.023929398148148096 0.02586805555555549
0 0.46475694444444443 0.35677083333333337 0.025506365740740722 0.022005208333333304
2 0.5741319444444444 0.35920138888888886 0.023553240740740833 0.02196180555555549
3 0.7348090277777778 0.3980034722222222 0.03256655092592586 0.014366319444444442
4 0.6277633101851852 0.3917100694444444 0.03256655092592586 0.014366319444444442
1 0.5174913194444444 0.3579427083333333 0.023553240740740833 0.02196180555555549
1 0.1304253472222222 0.4139322916666667 0.011458333333333348 0.01779513888888884
8 0.1492042824074074 0.42217881944444446 0.016304976851851838 0.027647569444444464
8 0.10894097222222222 0.4134548611111111 0.01536458333333332 0.017881944444444464
8 0.15859374999999998 0.4263020833333333 0.020211226851851838 0.02773437500000009
8 0.1685474537037037 0.42456597222222225 0.020587384259259267 0.03164062500000009
8 0.04557291666666667 0.44140625 0.02475405092592592 0.014192708333333304
8 0.11247106481481482 0.4174479166666667 0.03072916666666667 0.03576388888888893
8 0.18789062499999998 0.42695312500000004 0.024869791666666696 0.03563368055555549
8 0.20156249999999998 0.4272569444444444 0.024117476851851838 0.02782118055555549