4 0.7167390046296296 0.36250000000000004 0.046354166666666696 0.018909143518518468
6 0.7108072916666667 0.31372974537037035 0.029571759259259256 0.028153935185185164
3 0.5507233796296296 0.36741898148148144 0.04667245370370354 0.022815393518518468
1 0.5464265046296296 0.31468460648148144 0.033478009259259256 0.028269675925925997
5 0.8790075231481482 0.35964988425925926 0.024348958333333393 0.03579282407407414
3 0.7989293981481482 0.36202256944444444 0.04276620370370354 0.022699652777777746
4 0.4647858796296296 0.36996527777777777 0.042766203703703765 0.022699652777777746
5 0.6327546296296296 0.36498842592592595 0.026302083333333393 0.03585069444444455
7 0.7926793981481481 0.30934606481481486 0.033796296296296324 0.032175925925926
2 0.6284577546296296 0.31225405092592595 0.03411458333333339 0.036082175925926
0 0.45837673611111107 0.3153356481481482 0.033796296296296324 0.032175925925926
8 0.8750289351851852 0.31082175925925926 0.029890046296296324 0.032060185185185164