4 0.7376736111111111 0.28289930555555554 0.05394965277777786 0.02773437500000009
3 0.6324652777777777 0.2762586805555556 0.05768229166666661 0.023857060185185186
5 0.2855034722222222 0.25805844907407405 0.035460069444444464 0.05102719907407405
4 0.404296875 0.26675347222222223 0.061762152777777746 0.027792245370370394
3 0.8391493055555556 0.2856047453703704 0.05182291666666661 0.023813657407407485
5 0.5194444444444445 0.2695601851851852 0.031553819444444464 0.05099826388888884
6 0.6355902777777778 0.20594618055555555 0.038758680555555536 0.037384259259259256
2 0.5244357638888889 0.20121527777777778 0.04079861111111116 0.03935185185185186
0 0.2887152777777778 0.18579282407407408 0.04861111111111116 0.03940972222222222
1 0.40954861111111107 0.19254918981481484 0.04470486111111116 0.03938078703703707
8 0.8460069444444445 0.21922743055555555 0.038758680555555536 0.037384259259259256
7 0.7407986111111111 0.21258680555555556 0.04079861111111116 0.03935185185185186