3 0.06783854166666667 0.35954861111111114 0.04774305555555555 0.021614583333333437
3 0.4898003472222222 0.3388454861111111 0.04401041666666661 0.025347222222222188
8 0.49214409722222224 0.2861111111111111 0.03450520833333337 0.03077256944444451
7 0.4081597222222222 0.28984374999999996 0.03059895833333326 0.03059895833333326
5 0.4038628472222222 0.3426649305555556 0.021180555555555536 0.03797743055555558
6 0.3221354166666667 0.29561631944444444 0.030512152777777746 0.02864583333333337
4 0.23385416666666664 0.35217013888888893 0.03993055555555558 0.02126736111111116
5 0.3198784722222222 0.34639756944444444 0.025086805555555536 0.03815104166666661
0 0.06627604166666667 0.3069878472222222 0.034505208333333315 0.030772569444444398
4 0.14986979166666664 0.3559027777777778 0.04774305555555558 0.021614583333333326
1 0.15026041666666667 0.3032552083333333 0.03059895833333337 0.03059895833333326
2 0.23619791666666667 0.29943576388888893 0.03450520833333337 0.03077256944444451