4 0.8426649305555556 0.36449652777777775 0.0463686342592593 0.021527777777777812
3 0.7544849537037037 0.3566840277777778 0.04861111111111116 0.025520833333333326
3 0.9267939814814815 0.37018229166666666 0.04665798611111116 0.025434027777777812
4 0.5685040509259259 0.342578125 0.0483217592592593 0.021614583333333326
2 0.658203125 0.29205729166666666 0.0356626157407407 0.0346788194444444
5 0.6623987268518519 0.3486979166666667 0.02618634259259256 0.03815104166666661
0 0.46607349537037035 0.2737847222222222 0.0395688657407407 0.034852430555555536
6 0.7502893518518519 0.30004340277777775 0.0337094907407407 0.034592013888888884
5 0.470703125 0.3362847222222222 0.02647569444444442 0.04205729166666672
7 0.8384693287037037 0.30785590277777775 0.0337094907407407 0.034592013888888884
1 0.5641637731481481 0.28398437499999996 0.03551793981481488 0.03272569444444451
8 0.9227430555555556 0.31549479166666666 0.03356481481481488 0.032638888888888884