5 0.76171875 0.4110532407407408 0.01526331018518512 0.021686921296296235
8 0.9553674768518519 0.35930266203703703 0.02322048611111116 0.02375578703703707
5 0.9576822916666667 0.39055266203703703 0.0175057870370372 0.025622106481481444
2 0.8256655092592593 0.37686631944444443 0.01931423611111116 0.023697916666666652
3 0.7947771990740741 0.4086082175925926 0.02459490740740744 0.015972222222222276
1 0.7927517361111112 0.3812644675925926 0.01721643518518512 0.021715856481481444
6 0.8662471064814814 0.37039930555555556 0.02112268518518512 0.02177372685185186
4 0.9110966435185185 0.3951533564814815 0.02850115740740744 0.016030092592592582
4 0.8684172453703703 0.39969618055555556 0.02625868055555558 0.012094907407407374
7 0.9068287037037037 0.3639322916666667 0.01931423611111116 0.023697916666666652
0 0.757884837962963 0.3856915509259259 0.01707175925925908 0.019762731481481444
3 0.8296440972222223 0.4041811342592593 0.0205439814814814 0.01396122685185186