2 0.5431568287037037 0.38971354166666666 0.022598379629629628 0.022120949074074026
0 0.4415943287037037 0.3867042824074074 0.02445023148148151 0.020225694444444442
8 0.6974537037037036 0.39428530092592595 0.022699652777777857 0.024074074074074137
1 0.4923755787037037 0.388208912037037 0.020746527777777746 0.02401620370370372
5 0.4400752314814815 0.4160011574074074 0.018793402777777746 0.023958333333333304
4 0.6430989583333333 0.42397280092592593 0.028052662037036935 0.014482060185185164
3 0.6938802083333333 0.42547743055555554 0.030107060185185164 0.01649305555555558
6 0.5959924768518519 0.38932291666666663 0.0205439814814814 0.02010995370370372
4 0.5923177083333333 0.4224681712962963 0.032060185185185164 0.016550925925925997
0 0.6448206018518519 0.39076967592592593 0.0205439814814814 0.02010995370370372
5 0.5416377314814815 0.41901041666666666 0.018793402777777857 0.023958333333333304
3 0.4908564814814815 0.417505787037037 0.030005787037037046 0.01453993055555558