0 0.142578125 0.24609375 0.044921875 0.044921875
1 0.248046875 0.26171875 0.041015625 0.04296875
2 0.33984375 0.275390625 0.0390625 0.0390625
6 0.421875 0.287109375 0.033203125 0.0390625
7 0.4921875 0.296875 0.03125 0.037109375
8 0.5625 0.30859375 0.025390625 0.03515625
4 0.14453125 0.310546875 0.056640625 0.029296875
3 0.248046875 0.3203125 0.05078125 0.029296875
5 0.33984375 0.330078125 0.02734375 0.04296875
4 0.421875 0.341796875 0.041015625 0.021484375
3 0.494140625 0.34765625 0.041015625 0.025390625
5 0.560546875 0.35546875 0.01953125 0.03515625