0 0.1328125 0.3984375 0.017578125 0.017578125
1 0.17578125 0.3984375 0.017578125 0.017578125
2 0.216796875 0.3984375 0.017578125 0.01953125
6 0.2578125 0.3984375 0.017578125 0.021484375
7 0.298828125 0.3984375 0.017578125 0.01953125
8 0.341796875 0.400390625 0.017578125 0.021484375
3 0.1328125 0.42578125 0.021484375 0.017578125
3 0.17578125 0.423828125 0.025390625 0.017578125
5 0.216796875 0.423828125 0.013671875 0.0234375
5 0.255859375 0.423828125 0.015625 0.025390625
4 0.298828125 0.423828125 0.0234375 0.017578125
4 0.33984375 0.42578125 0.0234375 0.015625