6 0.7787326388888889 0.3320601851851852 0.02669270833333326 0.029673032407407485
5 0.925 0.38308738425925926 0.02109374999999991 0.03544560185185186
1 0.6285156249999999 0.32592592592592595 0.02669270833333348 0.029673032407407485
4 0.5483072916666667 0.3716435185185185 0.03993055555555558 0.02010995370370372
7 0.8529513888888889 0.33315972222222223 0.02669270833333326 0.029673032407407485
3 0.85078125 0.38198784722222223 0.03975694444444455 0.01620370370370372
4 0.7766493055555556 0.3789351851851852 0.03993055555555558 0.02010995370370372
5 0.7026041666666667 0.37392939814814813 0.021006944444444287 0.03349247685185186
0 0.5503906249999999 0.3247685185185185 0.03450520833333348 0.029788773148148096
3 0.6263454861111111 0.37475405092592595 0.03975694444444455 0.01620370370370372
2 0.7026475694444444 0.328978587962963 0.030425347222222232 0.02582465277777779
8 0.9270833333333334 0.33621238425925926 0.026519097222222232 0.025766782407407374