0 0.546875 0.3984375 0.01953125 0.01953125
1 0.587890625 0.3984375 0.01953125 0.017578125
2 0.62890625 0.3984375 0.017578125 0.01953125
6 0.669921875 0.3984375 0.01953125 0.01953125
7 0.7109375 0.3984375 0.01953125 0.01953125
8 0.751953125 0.3984375 0.01953125 0.021484375
3 0.544921875 0.423828125 0.021484375 0.017578125
3 0.587890625 0.423828125 0.0234375 0.013671875
5 0.630859375 0.423828125 0.015625 0.021484375
5 0.669921875 0.423828125 0.013671875 0.021484375
4 0.7109375 0.423828125 0.021484375 0.017578125
4 0.751953125 0.423828125 0.021484375 0.017578125