4 0.697265625 0.2847945601851852 0.05826099537037033 0.029021990740740744
3 0.3380063657407407 0.27219328703703705 0.06802662037037033 0.029311342592592604
3 0.21886574074074075 0.2686631944444444 0.06412037037037038 0.02919560185185177
4 0.81640625 0.28832465277777775 0.05826099537037033 0.029021990740740744
1 0.34435763888888893 0.1980324074074074 0.04528356481481488 0.04033564814814816
5 0.45921585648148144 0.273828125 0.0321903935185186 0.04969618055555558
5 0.5782407407407407 0.2793113425925926 0.03207465277777777 0.04774305555555558
0 0.22142650462962965 0.19243344907407406 0.049421296296296324 0.044357638888888884
2 0.46349826388888893 0.20156249999999998 0.04528356481481488 0.04033564814814816
8 0.8206886574074075 0.21605902777777777 0.04137731481481488 0.040219907407407385
7 0.7015480324074075 0.21252893518518517 0.04528356481481488 0.04033564814814816
6 0.5845920138888889 0.20515046296296297 0.04137731481481488 0.04021990740740744