3 0.26553819444444443 0.2856770833333333 0.0610243055555556 0.025520833333333437
3 0.5155381944444444 0.30234375 0.06488715277777768 0.02382812500000009
4 0.765451388888889 0.3229166666666667 0.05707465277777768 0.023307291666666674
4 0.884592013888889 0.330859375 0.05512152777777768 0.023177083333333348
5 0.39249131944444443 0.294140625 0.03211805555555558 0.041145833333333326
5 0.6385850694444445 0.310546875 0.03602430555555558 0.04140624999999998
8 0.8680989583333334 0.280859375 0.04557291666666652 0.03229166666666661
2 0.5166232638888889 0.253515625 0.04166666666666674 0.032031249999999956
1 0.39947916666666666 0.24375 0.04561631944444444 0.03424479166666666
7 0.7489583333333334 0.2729166666666667 0.04166666666666652 0.032031249999999956
6 0.6338107638888889 0.261328125 0.04166666666666674 0.032031249999999956
0 0.27447916666666666 0.23541666666666666 0.05147569444444444 0.034635416666666696