6 0.583984375 0.3671875 0.021484375 0.021484375
2 0.52734375 0.3671875 0.021484375 0.025390625
3 0.474609375 0.400390625 0.03125 0.015625
4 0.419921875 0.400390625 0.029296875 0.017578125
1 0.474609375 0.3671875 0.021484375 0.021484375
7 0.63671875 0.3671875 0.021484375 0.021484375
3 0.529296875 0.400390625 0.029296875 0.015625
0 0.419921875 0.3671875 0.021484375 0.021484375
8 0.69140625 0.3671875 0.021484375 0.021484375
4 0.583984375 0.40234375 0.029296875 0.015625
5 0.63671875 0.400390625 0.015625 0.025390625
5 0.69140625 0.400390625 0.015625 0.025390625