6 0.5799479166666667 0.36432291666666666 0.02695312499999991 0.025130208333333348
2 0.51953125 0.35833333333333334 0.025260416666666563 0.028906250000000022
3 0.4584635416666667 0.39153645833333334 0.036328125000000044 0.019921874999999978
4 0.39778645833333337 0.389453125 0.03450520833333326 0.021744791666666652
1 0.4609375 0.35442708333333334 0.025000000000000022 0.025000000000000022
7 0.640625 0.36640625 0.02499999999999991 0.025000000000000022
3 0.5169270833333333 0.39739583333333334 0.03437499999999982 0.019791666666666652
0 0.400390625 0.350390625 0.025000000000000022 0.025000000000000022
8 0.7010416666666667 0.3723958333333333 0.02499999999999991 0.025000000000000022
4 0.5794270833333333 0.4015625 0.03437499999999982 0.019791666666666652
5 0.6381510416666667 0.40351562500000004 0.019401041666666785 0.028515625000000044
5 0.6967447916666667 0.40742187500000004 0.019401041666666785 0.028515625000000044