3 0.4714409722222222 0.25870949074074073 0.06710069444444444 0.03518518518518521
4 0.6162326388888889 0.25555555555555554 0.07109374999999996 0.03932291666666665
4 0.2133246527777778 0.25710358796296295 0.06319444444444444 0.034953703703703765
2 0.3403645833333333 0.17271412037037037 0.04991319444444442 0.05172164351851849
3 0.76875 0.2567708333333333 0.07695312500000018 0.03967013888888893
5 0.33849826388888893 0.25669849537037037 0.03637152777777786 0.056770833333333326
0 0.095703125 0.18168402777777778 0.04592013888888888 0.047583912037037046
5 0.09596354166666667 0.25797164351851853 0.02851562499999999 0.05435474537037033
6 0.47330729166666663 0.17472511574074073 0.04583333333333339 0.043677662037037046
1 0.21510416666666665 0.17702546296296295 0.04210069444444442 0.05125868055555555
8 0.7743923611111112 0.17887731481481484 0.05507812500000009 0.020818865740740766
7 0.616015625 0.17731481481481481 0.05342881944444455 0.03437499999999999