3 0.330078125 0.390625 0.029296875 0.017578125
3 0.28125 0.392578125 0.02734375 0.017578125
5 0.236328125 0.392578125 0.017578125 0.029296875
5 0.494140625 0.37890625 0.01953125 0.033203125
4 0.3828125 0.38671875 0.033203125 0.017578125
4 0.4375 0.3828125 0.02734375 0.015625
8 0.49609375 0.337890625 0.021484375 0.025390625
6 0.380859375 0.345703125 0.01953125 0.021484375
1 0.28125 0.35546875 0.01953125 0.021484375
0 0.234375 0.359375 0.01953125 0.025390625
2 0.330078125 0.349609375 0.021484375 0.025390625
7 0.435546875 0.33984375 0.021484375 0.025390625