0 0.27352430555555557 0.3809895833333333 0.01815682870370372 0.020703125000000044
1 0.3183883101851852 0.3760416666666667 0.01815682870370372 0.020703125000000044
2 0.3594039351851852 0.37330729166666665 0.02010995370370372 0.02083333333333326
6 0.40243055555555557 0.37239583333333337 0.02010995370370372 0.02083333333333326
7 0.4433883101851852 0.3677083333333333 0.01815682870370372 0.020703125000000044
8 0.4864149305555555 0.366796875 0.018214699074074137 0.022656250000000044
3 0.27427662037037037 0.4063802083333333 0.023958333333333304 0.019140625000000022
3 0.31919849537037037 0.40338541666666666 0.025911458333333304 0.019270833333333348
5 0.36216724537037037 0.4005208333333333 0.014308449074074026 0.022395833333333393
5 0.40122974537037037 0.3979166666666667 0.014366319444444442 0.024348958333333393
4 0.44419849537037037 0.3950520833333333 0.023900462962963 0.01718749999999991
4 0.48716724537037037 0.3921875 0.023958333333333304 0.01914062499999991