3 0.51171875 0.39453125 0.03125 0.01171875
4 0.28515625 0.39453125 0.02734375 0.01171875
4 0.341796875 0.39453125 0.02734375 0.01171875
3 0.228515625 0.39453125 0.03125 0.01171875
8 0.513671875 0.357421875 0.021484375 0.021484375
0 0.228515625 0.361328125 0.025390625 0.021484375
2 0.33984375 0.359375 0.025390625 0.025390625
6 0.3984375 0.357421875 0.021484375 0.021484375
1 0.28515625 0.361328125 0.021484375 0.021484375
7 0.455078125 0.357421875 0.021484375 0.021484375
5 0.45703125 0.39453125 0.01953125 0.025390625
5 0.396484375 0.39453125 0.01953125 0.025390625