0 0.392578125 0.37890625 0.021484375 0.025390625
1 0.443359375 0.37890625 0.021484375 0.0234375
2 0.4921875 0.380859375 0.0234375 0.025390625
6 0.541015625 0.37890625 0.021484375 0.0234375
7 0.591796875 0.380859375 0.025390625 0.0234375
8 0.638671875 0.380859375 0.0234375 0.02734375
3 0.392578125 0.41015625 0.03125 0.017578125
5 0.44140625 0.41015625 0.017578125 0.029296875
4 0.4921875 0.412109375 0.02734375 0.01953125
4 0.54296875 0.412109375 0.03125 0.021484375
5 0.58984375 0.412109375 0.01953125 0.025390625
3 0.638671875 0.41015625 0.02734375 0.017578125