3 0.14965277777777777 0.24544270833333331 0.07530381944444448 0.03197337962962965
3 0.4844328703703703 0.2816840277777778 0.049710648148148184 0.02907986111111116
5 0.570703125 0.2940538194444444 0.027893518518518512 0.04383680555555558
0 0.020862268518518516 0.14742476851851852 0.04172453703703703 0.048900462962962965
2 0.2881365740740741 0.18583622685185186 0.045269097222222276 0.04253472222222221
6 0.3972366898148148 0.20319733796296297 0.04351851851851851 0.044415509259259245
7 0.49307002314814813 0.21715856481481483 0.037456597222222165 0.04224537037037035
4 0.38799189814814816 0.27358217592592593 0.05967881944444442 0.03139467592592593
1 0.1636140046296296 0.16710069444444445 0.056047453703703676 0.052662037037037035
8 0.5771846064814814 0.23155381944444442 0.03139467592592604 0.04007523148148151
5 0.27848668981481484 0.2601273148148148 0.03476562499999991 0.05381944444444442
4 0.02191116898148148 0.23314525462962962 0.04382233796296296 0.035662615740740755