4 0.5030092592592592 0.41391782407407407 0.028616898148148273 0.01663773148148151
4 0.4527054398148148 0.41789641203703703 0.028298611111111094 0.01273148148148151
5 0.32005208333333335 0.4149305555555556 0.013787615740740833 0.02582465277777768
0 0.31571180555555556 0.38556134259259256 0.017375578703703765 0.02206307870370372
1 0.3564091435185185 0.3831741898148148 0.021281828703703765 0.02220775462962965
3 0.36106770833333335 0.4164496527777778 0.028298611111111205 0.01273148148148151
2 0.40117187499999996 0.38288483796296297 0.021281828703703765 0.02220775462962965
8 0.5507667824074074 0.3786892361111111 0.021281828703703765 0.02220775462962965
7 0.49835069444444446 0.3806423611111111 0.021281828703703765 0.02220775462962965
3 0.4058304398148148 0.41616030092592593 0.028298611111111094 0.01273148148148151
6 0.447728587962963 0.38071469907407407 0.021281828703703765 0.02220775462962965
5 0.5516782407407408 0.41377314814814814 0.017853009259259256 0.02792245370370372