0 0.1916232638888889 0.3382378472222222 0.03342013888888884 0.029528356481481444
4 0.18858506944444442 0.3792534722222222 0.03255208333333337 0.017809606481481444
1 0.2542679398148148 0.3358217592592593 0.0317563657407407 0.03342013888888884
3 0.24927662037037035 0.3768518518518519 0.0366030092592593 0.019791666666666652
2 0.31705729166666663 0.3314525462962963 0.03342013888888884 0.029528356481481444
5 0.3140190972222222 0.3724681712962963 0.02170138888888884 0.02944155092592593
6 0.38360821759259256 0.3290075231481482 0.02951388888888884 0.029499421296296235
4 0.38057002314814814 0.3700231481481482 0.03450520833333337 0.017824074074074048
7 0.4483506944444444 0.3246238425925926 0.02951388888888884 0.029499421296296235
3 0.44502314814814814 0.3695457175925926 0.0366030092592593 0.019791666666666652
8 0.5207609953703703 0.3221354166666667 0.03161168981481488 0.03146701388888884
5 0.5157696759259259 0.3631655092592593 0.0278501157407407 0.03339120370370363