0 0.34717881944444445 0.30785590277777775 0.02886284722222221 0.029499421296296235
7 0.6713975694444445 0.3054542824074074 0.02690972222222232 0.029484953703703742
6 0.5914207175925925 0.3040943287037037 0.026707175925925863 0.02557870370370363
8 0.7514756944444445 0.30486111111111114 0.02690972222222232 0.02948495370370363
1 0.4311631944444444 0.3072337962962963 0.028660300925925863 0.025593171296296235
2 0.5075376157407407 0.3027633101851852 0.03081597222222232 0.02951388888888884
3 0.34464699074074073 0.35668402777777775 0.042230902777777746 0.023741319444444464
5 0.5049045138888889 0.3535445601851852 0.025159143518518556 0.03337673611111103
4 0.6707175925925926 0.3562210648148148 0.0420283564814814 0.019835069444444464
4 0.7488425925925926 0.35564236111111114 0.0400752314814814 0.01982060185185186
3 0.4228732638888889 0.354152199074074 0.0459346064814814 0.019864004629629672
5 0.5868344907407408 0.3548900462962963 0.025260416666666785 0.03532986111111103