0 0.041449652777777776 0.2774739583333333 0.040581597222222224 0.04361979166666663
4 0.043402777777777776 0.3302083333333333 0.04593460648148148 0.030338541666666607
1 0.12919560185185186 0.2794270833333333 0.04058159722222221 0.04361979166666663
3 0.13122106481481483 0.3341145833333333 0.05186631944444442 0.032682291666666696
2 0.21491608796296297 0.279296875 0.03862847222222221 0.043489583333333304
6 0.30852141203703703 0.281640625 0.0385561342592593 0.041536458333333304
7 0.40219907407407407 0.28593749999999996 0.04253472222222221 0.043749999999999956
8 0.49978298611111116 0.2904947916666667 0.04065393518518512 0.04557291666666674
5 0.21911168981481483 0.3399739583333333 0.02900752314814814 0.046744791666666674
4 0.3107638888888889 0.3421875 0.05179398148148151 0.030729166666666696
3 0.40444155092592593 0.346484375 0.05381944444444442 0.03281250000000002
5 0.501953125 0.3490885416666667 0.03110532407407418 0.05078125