0 0.166015625 0.353515625 0.025390625 0.025390625
1 0.2265625 0.349609375 0.021484375 0.025390625
2 0.28515625 0.349609375 0.021484375 0.025390625
6 0.34765625 0.349609375 0.025390625 0.025390625
7 0.408203125 0.349609375 0.021484375 0.025390625
8 0.46875 0.3515625 0.025390625 0.021484375
5 0.224609375 0.38671875 0.01953125 0.025390625
3 0.166015625 0.388671875 0.037109375 0.015625
4 0.2890625 0.390625 0.033203125 0.017578125
4 0.34765625 0.390625 0.0390625 0.017578125
5 0.41015625 0.388671875 0.01953125 0.02734375
3 0.470703125 0.390625 0.03515625 0.017578125