1 0.23997395833333335 0.2844039351851852 0.03211805555555558 0.02973090277777779
6 0.4048611111111111 0.27514467592592595 0.03425925925925921 0.03171296296296289
5 0.4101273148148148 0.32983217592592595 0.02524594907407418 0.03938078703703707
3 0.32494212962962965 0.3363715277777778 0.04308449074074083 0.02209201388888893
4 0.596875 0.3247974537037037 0.05089699074074083 0.02220775462962954
4 0.24700520833333334 0.33716724537037035 0.04699074074074072 0.022149884259259345
2 0.31948784722222223 0.2797309027777778 0.03230613425925921 0.03168402777777779
3 0.4997829861111111 0.3292100694444444 0.05089699074074072 0.02220775462962954
5 0.16944444444444445 0.34186921296296297 0.02524594907407407 0.03938078703703707
7 0.49395254629629626 0.2686631944444444 0.038541666666666696 0.035677083333333304
8 0.5908564814814815 0.2622974537037037 0.038541666666666696 0.035677083333333304
0 0.16436631944444446 0.28913483796296297 0.03211805555555558 0.02973090277777779