3 0.8145688657407407 0.1888599537037037 0.07090567129629632 0.03530092592592593
4 0.6635416666666667 0.20558449074074076 0.06895254629629632 0.03518518518518521
3 0.5219618055555555 0.22563657407407406 0.06879340277777768 0.03323206018518521
4 0.2747540509259259 0.2538917824074074 0.05870949074074072 0.028747106481481488
2 0.40105613425925923 0.15894097222222223 0.050694444444444375 0.04965277777777777
5 0.39453125 0.23901909722222223 0.03375289351851851 0.056423611111111105
0 0.16477141203703705 0.1962673611111111 0.042404513888888884 0.04333043981481477
5 0.15904224537037037 0.2665798611111111 0.0295283564814815 0.05228587962962972
1 0.27900752314814814 0.17783564814814815 0.04467592592592595 0.04735243055555555
6 0.5289641203703703 0.1396990740740741 0.05053530092592595 0.04769965277777777
8 0.8179832175925925 0.09924768518518519 0.058506944444444375 0.05011574074074074
7 0.6684317129629629 0.12171585648148148 0.054600694444444375 0.04988425925925927