4 0.29538483796296294 0.35342881944444443 0.03236400462962963 0.015060763888888884
3 0.521947337962963 0.343359375 0.03236400462962963 0.015060763888888884
4 0.35007233796296294 0.3509982638888889 0.03236400462962963 0.015060763888888884
3 0.23483796296296297 0.35611979166666663 0.028457754629629628 0.014887152777777857
8 0.5189236111111111 0.30625 0.02534722222222241 0.024479166666666607
0 0.23587962962962963 0.32078993055555555 0.02323495370370371 0.022439236111111094
7 0.46032986111111107 0.30885416666666665 0.023394097222222188 0.024392361111111094
5 0.40671296296296294 0.34848090277777777 0.019806134259259256 0.028124999999999956
6 0.40368923611111107 0.31137152777777777 0.025347222222222188 0.024479166666666607
5 0.46140046296296294 0.3460503472222222 0.019806134259259256 0.028124999999999956
1 0.2944733796296296 0.31818576388888886 0.02973090277777768 0.030512152777777857
1 0.3491608796296296 0.3157552083333333 0.02777777777777768 0.030425347222222232