5 0.011660879629629632 0.4068721064814815 0.015422453703703709 0.021889467592592582
3 0.12578125 0.41712962962962963 0.020804398148148162 0.01620370370370372
4 0.15882523148148148 0.4180989583333333 0.016898148148148162 0.016087962962963
4 0.05219907407407408 0.4115162037037037 0.020645254629629628 0.01425057870370372
5 0.09110243055555556 0.4123119212962963 0.015263310185185175 0.019936342592592582
1 0.054745370370370375 0.3802662037037037 0.02128182870370371 0.02206307870370372
6 0.12800925925925927 0.38978587962962963 0.015263310185185175 0.019936342592592582
2 0.09137731481481481 0.38502604166666665 0.01737557870370371 0.021947337962962887
8 0.18971354166666668 0.39769965277777775 0.017216435185185175 0.019994212962962887
7 0.15894097222222223 0.3927662037037037 0.014945023148148162 0.016030092592592582
0 0.012094907407407412 0.37763310185185184 0.017216435185185182 0.019994212962962887
3 0.18585069444444446 0.42119502314814816 0.014945023148148162 0.016030092592592582