4 0.31657986111111114 0.37041377314814816 0.04683159722222219 0.024146412037037046
3 0.40251736111111114 0.37550636574074076 0.04683159722222219 0.024146412037037046
6 0.5679253472222222 0.33479456018518516 0.030121527777777768 0.03287037037037033
4 0.572439236111111 0.38557581018518516 0.04257812499999991 0.02000868055555549
7 0.6519097222222222 0.33977141203703703 0.03402777777777777 0.03310185185185188
5 0.7386284722222223 0.39736689814814813 0.024609374999999822 0.03642939814814816
1 0.39765625 0.3208188657407407 0.03402777777777777 0.03310185185185177
3 0.6565972222222223 0.39250578703703703 0.04683159722222241 0.024146412037037046
5 0.48845486111111114 0.38059895833333335 0.026562500000000044 0.036545138888888884
2 0.4818142361111111 0.32774884259259257 0.0375868055555556 0.029427083333333326
0 0.309765625 0.3156105324074074 0.03793402777777777 0.033333333333333326
8 0.7360677083333333 0.3467013888888889 0.03368055555555549 0.02919560185185177