3 0.880859375 0.23171296296296295 0.056640625 0.029021990740740744
3 0.275390625 0.24574652777777778 0.060546875 0.029137731481481466
1 0.3984375 0.16788194444444443 0.04296875 0.04228877314814816
0 0.2734375 0.17158564814814814 0.04296875 0.04424189814814816
4 0.51953125 0.2385127314814815 0.060546875 0.029137731481481466
5 0.759765625 0.23139467592592594 0.029296875 0.04774305555555558
4 0.640625 0.2368778935185185 0.060546875 0.031090856481481466
5 0.3984375 0.24014756944444443 0.029296875 0.05164930555555558
2 0.517578125 0.16435185185185186 0.04296875 0.04228877314814816
6 0.640625 0.1607060185185185 0.041015625 0.042230902777777746
7 0.759765625 0.15912905092592594 0.04296875 0.04424189814814816
8 0.880859375 0.15749421296296295 0.04296875 0.04228877314814816