4 0.4704861111111111 0.34013310185185186 0.04173900462962965 0.02105034722222221
3 0.7964409722222222 0.3580729166666667 0.04166666666666674 0.01909722222222221
1 0.5562789351851851 0.2944155092592593 0.03240740740740744 0.03240740740740744
6 0.7202690972222222 0.30244502314814814 0.03240740740740744 0.03240740740740744
3 0.5543258101851851 0.34714988425925924 0.04564525462962976 0.02119502314814814
4 0.7183159722222222 0.35517939814814814 0.04557291666666674 0.01924189814814814
5 0.6383101851851851 0.3502604166666667 0.02076099537037024 0.03392650462962965
7 0.8003472222222222 0.30541087962962965 0.03240740740740744 0.03240740740740744
0 0.4703414351851852 0.2912326388888889 0.03240740740740744 0.03240740740740744
5 0.8765190972222222 0.36103877314814814 0.02466724537037046 0.03407118055555558
2 0.6382378472222222 0.2994068287037037 0.0322627314814814 0.02850115740740744
8 0.8783998842592593 0.31025752314814814 0.0322627314814814 0.02850115740740744