3 0.1982349537037037 0.3263020833333333 0.05927372685185184 0.030280671296296302
4 0.4162326388888889 0.34545717592592595 0.054991319444444464 0.026171874999999956
4 0.5191840277777777 0.3566840277777778 0.053038194444444464 0.026070601851851838
6 0.4243923611111111 0.28110532407407407 0.04068287037037033 0.03903356481481479
5 0.3095630787037037 0.3320746527777778 0.031481481481481444 0.04438657407407409
1 0.20500578703703703 0.2559895833333333 0.04673032407407407 0.041290509259259256
3 0.6164641203703703 0.3656539351851852 0.053038194444444464 0.026070601851851838
2 0.31558159722222223 0.2695746527777778 0.04263599537037033 0.03913483796296302
5 0.07789351851851851 0.31221064814814814 0.0338107638888889 0.04839409722222221
0 0.08447627314814815 0.24385127314814814 0.05044849537037038 0.0395399305555556
7 0.525390625 0.29223090277777775 0.036400462962963065 0.034924768518518556
8 0.6224826388888889 0.3031539351851852 0.040306712962963065 0.03512731481481479