3 0.873046875 0.29296875 0.052734375 0.025390625
3 0.30859375 0.291015625 0.056640625 0.025390625
1 0.423828125 0.22265625 0.041015625 0.037109375
0 0.30859375 0.220703125 0.041015625 0.041015625
4 0.537109375 0.291015625 0.056640625 0.025390625
5 0.76171875 0.291015625 0.02734375 0.04296875
4 0.650390625 0.29296875 0.056640625 0.02734375
5 0.423828125 0.2890625 0.02734375 0.046875
2 0.53515625 0.22265625 0.041015625 0.037109375
6 0.650390625 0.22265625 0.037109375 0.037109375
7 0.76171875 0.22265625 0.041015625 0.041015625
8 0.873046875 0.224609375 0.041015625 0.037109375