0 0.474609375 0.31640625 0.03515625 0.033203125
1 0.548828125 0.314453125 0.03125 0.03125
2 0.625 0.31640625 0.03125 0.03125
6 0.701171875 0.314453125 0.03125 0.03125
7 0.77734375 0.314453125 0.029296875 0.02734375
8 0.853515625 0.314453125 0.033203125 0.02734375
3 0.474609375 0.36328125 0.04296875 0.025390625
4 0.548828125 0.361328125 0.041015625 0.021484375
4 0.626953125 0.361328125 0.046875 0.0234375
5 0.701171875 0.361328125 0.025390625 0.037109375
5 0.77734375 0.361328125 0.0234375 0.03515625
3 0.85546875 0.359375 0.0390625 0.0234375