3 0.2959201388888889 0.3822916666666667 0.03757233796296289 0.018098958333333304
4 0.5774594907407407 0.4108072916666667 0.03561921296296289 0.017968749999999978
4 0.6420283564814815 0.41901041666666666 0.03171296296296289 0.017708333333333326
5 0.44257812500000004 0.3979166666666667 0.020457175925925997 0.03255208333333326
3 0.36830150462962963 0.391015625 0.041478587962963 0.018359374999999956
1 0.37093460648148147 0.3483072916666667 0.03016493055555558 0.03125
0 0.29464699074074074 0.3393229166666667 0.03407118055555558 0.03151041666666665
6 0.5117332175925926 0.36354166666666665 0.028153935185185164 0.029166666666666674
5 0.5109953703703703 0.4044270833333333 0.020341435185185164 0.02864583333333326
7 0.578197337962963 0.369921875 0.024247685185185386 0.028906250000000022
2 0.4413049768518519 0.35494791666666664 0.02821180555555558 0.031119791666666674
8 0.6447193287037037 0.3782552083333333 0.024247685185185164 0.028906250000000022