3 0.4291087962962963 0.27604166666666663 0.05143229166666674 0.017954282407407485
4 0.8255931712962963 0.2731047453703703 0.05143229166666674 0.017954282407407485
4 0.9212239583333333 0.27434895833333334 0.04947916666666652 0.01793981481481477
3 0.6283275462962963 0.27456597222222223 0.04947916666666674 0.01793981481481488
5 0.5268373842592593 0.27336516203703703 0.02864583333333348 0.035358796296296346
5 0.7241030092592593 0.2719039351851852 0.02864583333333348 0.035358796296296346
2 0.6241319444444444 0.2296875 0.0381221064814814 0.027618634259259256
7 0.8115596064814815 0.2302517361111111 0.03602430555555558 0.023697916666666652
8 0.9110966435185186 0.23146701388888888 0.0381221064814814 0.027618634259259256
0 0.4307725694444444 0.23111979166666666 0.0381221064814814 0.027618634259259256
1 0.5284288194444444 0.23039641203703703 0.0420283564814814 0.027647569444444464
6 0.7198350694444444 0.22897858796296294 0.0361689814814814 0.027604166666666652