4 0.41015625 0.326171875 0.046875 0.015625
4 0.498046875 0.326171875 0.046875 0.015625
3 0.044921875 0.326171875 0.046875 0.015625
3 0.228515625 0.326171875 0.04296875 0.015625
8 0.5 0.291015625 0.03125 0.025390625
2 0.236328125 0.287109375 0.03515625 0.025390625
5 0.3203125 0.326171875 0.021484375 0.02734375
7 0.412109375 0.2890625 0.03125 0.021484375
5 0.13671875 0.326171875 0.025390625 0.02734375
0 0.05859375 0.287109375 0.03515625 0.025390625
1 0.150390625 0.287109375 0.037109375 0.025390625
6 0.32421875 0.287109375 0.03125 0.025390625