7 0.296875 0.373046875 0.025390625 0.0234375
2 0.1875 0.369140625 0.025390625 0.02734375
8 0.349609375 0.37890625 0.0234375 0.025390625
1 0.130859375 0.369140625 0.025390625 0.0234375
6 0.244140625 0.373046875 0.025390625 0.025390625
4 0.072265625 0.400390625 0.0390625 0.017578125
0 0.0703125 0.365234375 0.02734375 0.025390625
3 0.130859375 0.40234375 0.03515625 0.017578125
4 0.244140625 0.40625 0.033203125 0.017578125
3 0.1875 0.404296875 0.03125 0.01953125
5 0.298828125 0.40625 0.021484375 0.025390625
5 0.349609375 0.408203125 0.015625 0.02734375