1 0.2421875 0.20703125 0.041015625 0.041015625
4 0.71484375 0.28515625 0.052734375 0.025390625
2 0.361328125 0.208984375 0.041015625 0.037109375
3 0.361328125 0.28125 0.05859375 0.025390625
4 0.59765625 0.28515625 0.056640625 0.025390625
3 0.12109375 0.279296875 0.05859375 0.02734375
5 0.478515625 0.28125 0.03125 0.05078125
6 0.48046875 0.2109375 0.041015625 0.041015625
5 0.240234375 0.279296875 0.03125 0.046875
7 0.59765625 0.212890625 0.04296875 0.037109375
0 0.12109375 0.20703125 0.046875 0.04296875
8 0.71484375 0.212890625 0.041015625 0.037109375