0 0.263671875 0.373046875 0.0234375 0.029296875
1 0.318359375 0.373046875 0.021484375 0.0234375
2 0.37109375 0.375 0.0234375 0.025390625
6 0.421875 0.375 0.021484375 0.021484375
7 0.47265625 0.375 0.021484375 0.021484375
8 0.5234375 0.376953125 0.01953125 0.021484375
4 0.265625 0.404296875 0.02734375 0.013671875
3 0.318359375 0.40625 0.029296875 0.013671875
3 0.37109375 0.40625 0.03125 0.013671875
4 0.423828125 0.40625 0.03125 0.013671875
5 0.474609375 0.40625 0.015625 0.025390625
5 0.521484375 0.408203125 0.015625 0.02734375