3 0.48234953703703703 0.38211805555555556 0.03587962962962965 0.020312499999999956
4 0.6154513888888888 0.37725694444444446 0.03587962962962976 0.020312499999999956
1 0.42122395833333337 0.3436197916666667 0.0224247685185186 0.02586805555555549
0 0.3643663194444444 0.3482204861111111 0.0224247685185186 0.02586805555555549
4 0.546947337962963 0.37964409722222225 0.03573495370370372 0.016406249999999956
3 0.41963252314814814 0.3865885416666667 0.03182870370370372 0.016319444444444442
5 0.3629195601851852 0.3872829861111111 0.01663773148148151 0.027690972222222276
7 0.6171875 0.33038194444444446 0.0264033564814814 0.027907986111111116
5 0.6918402777777778 0.3730902777777778 0.02278645833333326 0.03563368055555549
8 0.6955295138888888 0.32625868055555557 0.0322627314814814 0.028038194444444442
6 0.5465856481481481 0.33663194444444444 0.0264033564814814 0.027907986111111116
2 0.4819878472222222 0.3391059027777778 0.02633101851851849 0.025954861111111116