8 0.70703125 0.34765625 0.025390625 0.021484375
5 0.3984375 0.384765625 0.015625 0.025390625
4 0.583984375 0.38671875 0.03125 0.015625
3 0.462890625 0.38671875 0.037109375 0.015625
3 0.70703125 0.38671875 0.03125 0.015625
4 0.64453125 0.38671875 0.03515625 0.015625
5 0.5234375 0.384765625 0.015625 0.025390625
7 0.64453125 0.34765625 0.021484375 0.021484375
0 0.3984375 0.34765625 0.021484375 0.025390625
2 0.521484375 0.34765625 0.025390625 0.025390625
6 0.583984375 0.34765625 0.025390625 0.021484375
1 0.4609375 0.34765625 0.021484375 0.025390625
1 0.06640625 0.42578125 0.01171875 0.015625
8 0.0859375 0.4296875 0.009765625 0.015625
8 0.041015625 0.42578125 0.01171875 0.01953125
8 0.12890625 0.43359375 0.01171875 0.015625
8 0.109375 0.44140625 0.01171875 0.03125
8 0.1484375 0.44140625 0.015625 0.03515625
8 0.087890625 0.4453125 0.01171875 0.015625
8 0.150390625 0.43359375 0.01171875 0.015625
8 0.09765625 0.43359375 0.021484375 0.025390625
8 0.10546875 0.423828125 0.01953125 0.015625
8 0.115234375 0.427734375 0.01953125 0.01953125