0 0.218359375 0.22339409722222223 0.061704282407407385 0.0517650462962963
1 0.34140625 0.22977430555555556 0.04762731481481475 0.047149884259259256
2 0.4603443287037037 0.23790509259259263 0.04762731481481475 0.047149884259259256
6 0.5794849537037037 0.24408275462962964 0.04762731481481497 0.047149884259259256
7 0.7005787037037037 0.2503616898148148 0.04742476851851851 0.045196759259259256
8 0.8212673611111111 0.260546875 0.04372106481481475 0.04694733796296291
3 0.21066261574074074 0.29761284722222225 0.06378761574074077 0.03438946759259265
3 0.33175636574074074 0.30389178240740744 0.06574074074074077 0.034490740740740655
5 0.45285011574074074 0.3101707175925926 0.03867187500000002 0.054456018518518556
5 0.5737413194444445 0.3184027777777778 0.03887442129629637 0.056409143518518556
4 0.6928819444444445 0.32458043981481477 0.06399016203703711 0.03634259259259265
4 0.8118200231481482 0.33271122685185184 0.062442129629629584 0.04014756944444442