2 0.4609375 0.365234375 0.025390625 0.021484375
8 0.623046875 0.3671875 0.021484375 0.0234375
7 0.5703125 0.365234375 0.021484375 0.0234375
3 0.404296875 0.400390625 0.03515625 0.015625
6 0.515625 0.365234375 0.0234375 0.0234375
1 0.40625 0.365234375 0.021484375 0.021484375
5 0.572265625 0.400390625 0.017578125 0.02734375
4 0.517578125 0.400390625 0.02734375 0.015625
5 0.625 0.400390625 0.017578125 0.02734375
4 0.349609375 0.3984375 0.03125 0.017578125
3 0.4609375 0.40234375 0.03125 0.015625
0 0.3515625 0.365234375 0.021484375 0.021484375