4 0.646484375 0.36328125 0.037109375 0.01953125
3 0.93359375 0.3671875 0.03515625 0.01953125
5 0.79296875 0.365234375 0.01953125 0.03125
3 0.720703125 0.36328125 0.041015625 0.01953125
4 0.86328125 0.3671875 0.037109375 0.015625
2 0.791015625 0.31640625 0.03125 0.02734375
6 0.86328125 0.318359375 0.025390625 0.025390625
1 0.71875 0.31640625 0.025390625 0.02734375
0 0.64453125 0.31640625 0.03125 0.02734375
7 0.93359375 0.3203125 0.02734375 0.02734375
1 0.99609375 0.32421875 0.005859375 0.021484375