1 0.4199074074074074 0.2625 0.03344907407407405 0.03344907407407405
7 0.6952690972222222 0.26436631944444444 0.029542824074074048 0.03342013888888884
4 0.6030381944444445 0.3236400462962963 0.04897280092592604 0.01989293981481488
3 0.7827256944444445 0.3223090277777778 0.04506655092592604 0.019864004629629672
3 0.4155671296296296 0.32112268518518516 0.04900173611111103 0.02379918981481488
5 0.3199074074074074 0.3159722222222222 0.02567997685185186 0.03925057870370363
4 0.6948495370370371 0.32100694444444444 0.04509548611111125 0.023770254629629672
5 0.5112702546296296 0.3204137731481481 0.02567997685185186 0.03925057870370363
6 0.6034866898148148 0.2630931712962963 0.02951388888888884 0.02951388888888884
8 0.7870515046296296 0.2656394675925926 0.03342013888888884 0.029542824074074048
2 0.5097511574074074 0.2618344907407407 0.03540219907407405 0.03346354166666665
0 0.3203125 0.2612847222222222 0.03930844907407405 0.03349247685185186
8 0.04962384259259259 0.41953125 0.01381655092592593 0.01963252314814823
8 0.002401620370370371 0.4140335648148148 0.004803240740740742 0.015682870370370416
8 0.026229745370370372 0.4138454861111111 0.013787615740740736 0.015726273148148118
7 0.0018410011574074075 0.4335648148148148 0.003682002314814815 0.015668402777777812
8 0.024204282407407407 0.4236255787037037 0.02375578703703704 0.04314236111111114
8 0.010228587962962964 0.41983506944444443 0.020457175925925927 0.03532986111111114
8 0.05338541666666667 0.4390335648148148 0.01576967592592593 0.019646990740740722