6 0.8588686342592593 0.3360677083333333 0.029976851851851727 0.027213541666666674
8 0.9697916666666666 0.3247395833333333 0.026070601851851727 0.02695312499999991
7 0.913353587962963 0.33046875 0.026273148148148184 0.02890624999999991
2 0.8063368055555555 0.34153645833333335 0.028226273148148184 0.029036458333333348
1 0.7536024305555555 0.3450520833333333 0.026273148148148184 0.028906250000000022
0 0.7030237268518518 0.350390625 0.026070601851851727 0.026953125000000022
4 0.7043113425925926 0.38177083333333334 0.031119791666666785 0.01953125
3 0.7589988425925926 0.378125 0.035026041666666785 0.019791666666666652
3 0.8095775462962963 0.37278645833333335 0.033478009259259256 0.023567708333333326
4 0.862109375 0.3673177083333333 0.0332754629629628 0.021614583333333326
5 0.916796875 0.363671875 0.022366898148148184 0.02864583333333326
5 0.9712818287037037 0.35807291666666663 0.02256944444444442 0.03059895833333326