5 0.8565538194444444 0.2824508101851852 0.02408854166666652 0.03627025462962963
8 0.8619791666666667 0.23547453703703702 0.0332754629629628 0.028964120370370328
4 0.6944444444444444 0.29085648148148147 0.04260706018518512 0.023611111111111027
4 0.44458912037037035 0.3018663194444444 0.04260706018518512 0.023611111111111027
3 0.5284288194444444 0.2994646990740741 0.04622395833333348 0.019907407407407374
0 0.44849537037037035 0.24913194444444442 0.03718171296296302 0.029166666666666674
1 0.5323350694444444 0.24673032407407408 0.03356481481481488 0.03287037037037033
7 0.7781394675925926 0.23787615740740742 0.03356481481481488 0.03287037037037033
3 0.7764756944444444 0.28660300925925924 0.04260706018518512 0.023611111111111138
5 0.6104600694444444 0.29521122685185186 0.02618634259259256 0.03832465277777786
6 0.6982060185185186 0.24007523148148147 0.02994791666666652 0.03657407407407409
2 0.6142216435185185 0.24442997685185186 0.03327546296296302 0.028964120370370328