0 0.3339265046296296 0.24790219907407407 0.032175925925926 0.03287037037037033
1 0.42400173611111114 0.23543113425925927 0.03229166666666661 0.03677662037037033
4 0.42410300925925926 0.2978298611111111 0.04946469907407414 0.02401620370370372
3 0.7253472222222221 0.2666087962962963 0.05928819444444455 0.02647569444444442
3 0.5199797453703704 0.2870081018518519 0.05342881944444433 0.026171874999999956
4 0.8427662037037038 0.2527199074074074 0.05538194444444455 0.026273148148148184
2 0.5198784722222223 0.224609375 0.03631365740740744 0.040885416666666674
7 0.7293836805555556 0.19619502314814813 0.04217303240740744 0.04118923611111114
5 0.6198206018518518 0.2740306712962963 0.028674768518518468 0.04633969907407409
6 0.6216724537037037 0.2115306712962963 0.03631365740740744 0.040885416666666674
5 0.3322482638888889 0.30454282407407407 0.024652777777777746 0.042230902777777746
8 0.844849537037037 0.1824074074074074 0.04217303240740744 0.04118923611111114