0 0.349609375 0.4439091435185185 0.029296875 0.02886284722222221
1 0.419921875 0.44950810185185186 0.029296875 0.03081597222222221
2 0.484375 0.45285011574074074 0.029296875 0.02886284722222221
6 0.5546875 0.4564959490740741 0.02734375 0.028761574074074092
7 0.62109375 0.4599392361111111 0.025390625 0.028660300925925863
8 0.689453125 0.4634837962962963 0.02734375 0.030714699074074092
3 0.349609375 0.4868778935185185 0.03515625 0.023307291666666674
3 0.41796875 0.48846932870370374 0.037109375 0.021455439814814792
5 0.486328125 0.4920138888888889 0.01953125 0.03421585648148151
5 0.552734375 0.497410300925926 0.021484375 0.03431712962962963
4 0.62109375 0.5009548611111111 0.037109375 0.023408564814814792
4 0.689453125 0.5044994212962963 0.03515625 0.023307291666666563