3 0.00390625 0.3232421875 0.0078125 0.005859375
0 0.009765625 0.28515625 0.01953125 0.021484375
4 0.44140625 0.330078125 0.05078125 0.015625
4 0.349609375 0.326171875 0.05078125 0.015625
3 0.16796875 0.326171875 0.05078125 0.015625
5 0.080078125 0.32421875 0.02734375 0.03125
5 0.259765625 0.32421875 0.025390625 0.03125
8 0.44140625 0.291015625 0.03515625 0.025390625
2 0.1796875 0.287109375 0.03515625 0.025390625
1 0.091796875 0.287109375 0.03515625 0.025390625
7 0.35546875 0.2890625 0.03515625 0.021484375
6 0.267578125 0.287109375 0.03515625 0.025390625