0 0.65234375 0.28841145833333337 0.03689236111111116 0.0356626157407407
1 0.724609375 0.28305844907407407 0.03081597222222232 0.03327546296296302
2 0.796875 0.27770543981481477 0.03276909722222232 0.03342013888888884
6 0.8693576388888888 0.2743055555555556 0.03255208333333348 0.03146701388888884
7 0.9396701388888888 0.2690972222222222 0.028211805555555358 0.02727141203703698
8 0.9992947048611112 0.26359953703703703 0.001410590277777679 0.03132233796296291
3 0.6573350694444444 0.3333333333333333 0.03754340277777768 0.02408854166666663
3 0.7298177083333333 0.32993344907407407 0.03776041666666652 0.02604166666666663
5 0.8018663194444444 0.32262731481481477 0.02170138888888884 0.03841145833333326
5 0.8741319444444444 0.3172743055555556 0.025390625 0.03674768518518512
4 0.9446614583333333 0.3140190972222222 0.03754340277777768 0.02408854166666674
4 0.998046875 0.30866608796296297 0.00390625 0.02633101851851849