4 0.7199652777777779 0.36328125 0.03725405092592604 0.01953125
3 0.5715133101851853 0.365234375 0.04113136574074083 0.015625
4 0.6457465277777779 0.36328125 0.03725405092592604 0.01953125
3 0.9484809027777779 0.36328125 0.04113136574074083 0.015625
6 0.7964843749999999 0.31640625 0.02557870370370363 0.025390625
8 0.9488281249999999 0.31640625 0.02753182870370363 0.025390625
5 0.7961371527777777 0.36328125 0.019762731481481444 0.03125
0 0.5718460648148148 0.3203125 0.02753182870370363 0.025390625
5 0.8723090277777777 0.36328125 0.021715856481481444 0.03125
1 0.6460792824074074 0.318359375 0.025593171296296235 0.02734375
2 0.7202980324074074 0.318359375 0.031452546296296235 0.02734375
7 0.8726707175925925 0.314453125 0.027546296296296457 0.02734375