3 0.4690972222222222 0.3184027777777778 0.04484953703703709 0.020486111111111205
4 0.3831597222222222 0.3203125 0.04484953703703709 0.020486111111111094
3 0.20504918981481482 0.3203559027777778 0.048755787037037035 0.020572916666666607
4 0.11715856481481482 0.3223090277777778 0.044849537037037035 0.020486111111111205
6 0.3778935185185185 0.265625 0.03211805555555558 0.02994791666666663
7 0.46401909722222223 0.2656684027777778 0.03211805555555558 0.02994791666666674
2 0.2900028935185185 0.267578125 0.03993055555555558 0.030121527777777768
1 0.2019241898148148 0.267578125 0.03192997685185184 0.02799479166666663
5 0.29508101851851853 0.3203125 0.027010995370370328 0.037630208333333304
5 0.5550347222222223 0.31649305555555557 0.022728587962963065 0.03363715277777779
0 0.1097511574074074 0.2657118055555555 0.036400462962962954 0.03394097222222214
8 0.5519097222222222 0.2637152777777778 0.03211805555555558 0.02994791666666674