4 0.572193287037037 0.3797743055555556 0.03964120370370372 0.01620370370370372
4 0.648365162037037 0.3809027777777778 0.03964120370370372 0.01620370370370372
3 0.42194733796296297 0.3736400462962963 0.04159432870370372 0.01623263888888893
5 0.3459201388888889 0.3686053240740741 0.02264178240740744 0.03156828703703707
5 0.4981192129629629 0.37476851851851856 0.02264178240740744 0.03156828703703707
3 0.720703125 0.38002025462962963 0.03573495370370372 0.016145833333333304
8 0.7243923611111112 0.33317418981481484 0.0263310185185186 0.025766782407407485
7 0.6482204861111112 0.3320457175925926 0.0302372685185186 0.02582465277777779
6 0.5740017361111112 0.3309461805555556 0.0263310185185186 0.025766782407407485
2 0.49985532407407407 0.3278935185185185 0.03038194444444442 0.02973090277777779
1 0.42375578703703703 0.3248119212962963 0.03023726851851849 0.02582465277777768
0 0.34563078703703703 0.3236545138888889 0.03023726851851849 0.02582465277777779
8 0.0064199942129629615 0.42805266203703707 0.012839988425925923 0.019733796296296235
8 0.05823206018518518 0.432740162037037 0.014250578703703706 0.015827546296296235
8 0.07732928240740741 0.4447482638888889 0.017071759259259245 0.039293981481481444
8 0.03284143518518518 0.43236400462962965 0.010344328703703706 0.01576967592592593
8 0.006799768518518516 0.4495659722222222 0.010344328703703703 0.01576967592592593
8 0.04853877314814815 0.4306423611111111 0.020109953703703706 0.01591435185185186
8 0.03226273148148148 0.44798900462962965 0.016348379629629622 0.019762731481481444
8 0.15625 0.4771846064814815 0.015986689814814825 0.009997106481481444