4 0.4169560185185185 0.3510416666666667 0.03447627314814805 0.017346643518518556
3 0.5289207175925926 0.3530815972222222 0.030410879629629628 0.01519097222222221
4 0.5800202546296296 0.35435474537037037 0.026504629629629628 0.014988425925925863
5 0.47391493055555556 0.3520109953703704 0.01801215277777779 0.030107060185185164
3 0.6252604166666667 0.355931712962963 0.026504629629629628 0.014988425925925863
1 0.4155671296296296 0.3099247685185185 0.025347222222222188 0.024652777777777746
2 0.4708912037037037 0.3149016203703704 0.025506365740740722 0.026605902777777857
5 0.35397858796296294 0.3484230324074074 0.01801215277777779 0.030107060185185164
6 0.5239438657407407 0.3160734953703703 0.02144097222222241 0.0244502314814814
0 0.35063657407407406 0.3074074074074074 0.025506365740740722 0.026605902777777746
7 0.5750434027777778 0.3173466435185185 0.025347222222222188 0.024652777777777857
8 0.6223958333333334 0.320775462962963 0.021440972222222188 0.0244502314814814