5 0.240234375 0.40625 0.013671875 0.025390625
4 0.369140625 0.400390625 0.025390625 0.015625
2 0.32421875 0.369140625 0.01953125 0.025390625
0 0.240234375 0.376953125 0.01953125 0.0234375
6 0.369140625 0.3671875 0.01953125 0.021484375
5 0.46484375 0.39453125 0.015625 0.025390625
4 0.416015625 0.396484375 0.025390625 0.01171875
8 0.46484375 0.357421875 0.01953125 0.021484375
7 0.416015625 0.36328125 0.01953125 0.01953125
3 0.28125 0.404296875 0.025390625 0.015625
1 0.28125 0.373046875 0.01953125 0.021484375
3 0.32421875 0.40234375 0.021484375 0.015625