4 0.7361545138888889 0.36103877314814814 0.045703124999999956 0.017910879629629672
6 0.7364583333333333 0.31024305555555554 0.028559027777777857 0.027546296296296235
3 0.5702256944444444 0.3578559027777778 0.04587673611111098 0.021817129629629672
1 0.5724826388888888 0.3070746527777778 0.03246527777777786 0.027575231481481444
5 0.8981770833333333 0.36419270833333334 0.02304687499999991 0.035315393518518534
3 0.8180989583333333 0.36359953703703707 0.04197048611111098 0.021788194444444464
4 0.48428819444444443 0.3572193287037037 0.041970486111111094 0.021788194444444464
5 0.6522569444444444 0.35846354166666666 0.02499999999999991 0.03532986111111114
7 0.8184895833333333 0.31085069444444446 0.032638888888888884 0.031481481481481444
2 0.6545138888888888 0.30768229166666666 0.03281249999999991 0.035387731481481444
0 0.48467881944444446 0.3044704861111111 0.032638888888888884 0.031481481481481444
8 0.9004340277777778 0.3134114583333333 0.028732638888888884 0.031452546296296235