0 0.44140625 0.345703125 0.0234375 0.02734375
1 0.498046875 0.341796875 0.0234375 0.02734375
2 0.55859375 0.3359375 0.02734375 0.03125
6 0.625 0.330078125 0.025390625 0.029296875
7 0.693359375 0.32421875 0.02734375 0.029296875
8 0.76953125 0.318359375 0.029296875 0.03125
4 0.44140625 0.384765625 0.033203125 0.017578125
3 0.5 0.3828125 0.037109375 0.01953125
5 0.55859375 0.375 0.021484375 0.03515625
4 0.625 0.373046875 0.03515625 0.021484375
3 0.693359375 0.369140625 0.0390625 0.021484375
5 0.767578125 0.365234375 0.025390625 0.03515625