3 0.51171875 0.359375 0.037109375 0.01953125
5 0.279296875 0.345703125 0.021484375 0.03515625
4 0.580078125 0.365234375 0.03515625 0.01953125
4 0.36328125 0.353515625 0.041015625 0.01953125
2 0.439453125 0.30859375 0.02734375 0.02734375
5 0.44140625 0.35546875 0.01953125 0.03515625
3 0.64453125 0.369140625 0.03125 0.01953125
1 0.36328125 0.30078125 0.02734375 0.02734375
6 0.51171875 0.314453125 0.025390625 0.02734375
0 0.27734375 0.294921875 0.03125 0.02734375
8 0.642578125 0.32421875 0.021484375 0.025390625
7 0.578125 0.3203125 0.025390625 0.02734375