0 0.20703125 0.291015625 0.02734375 0.03125
1 0.28515625 0.28515625 0.02734375 0.03125
2 0.365234375 0.27734375 0.03125 0.03125
6 0.453125 0.2734375 0.037109375 0.033203125
7 0.54296875 0.263671875 0.03515625 0.03515625
8 0.640625 0.259765625 0.0390625 0.041015625
5 0.208984375 0.34375 0.025390625 0.044921875
4 0.287109375 0.33984375 0.041015625 0.021484375
3 0.365234375 0.333984375 0.04296875 0.01953125
5 0.453125 0.330078125 0.025390625 0.041015625
3 0.544921875 0.326171875 0.052734375 0.025390625
4 0.640625 0.3203125 0.05078125 0.02734375