0 0.62890625 0.392578125 0.015625 0.021484375
1 0.66015625 0.396484375 0.015625 0.021484375
2 0.69140625 0.3984375 0.015625 0.021484375
6 0.720703125 0.400390625 0.015625 0.021484375
7 0.748046875 0.404296875 0.013671875 0.021484375
8 0.775390625 0.404296875 0.01171875 0.021484375
4 0.62890625 0.41796875 0.01953125 0.015625
3 0.66015625 0.421875 0.01953125 0.015625
5 0.69140625 0.421875 0.01171875 0.021484375
4 0.720703125 0.42578125 0.017578125 0.013671875
3 0.748046875 0.427734375 0.017578125 0.017578125
5 0.775390625 0.427734375 0.013671875 0.01953125