3 0.5701388888888889 0.3256510416666667 0.034592013888888884 0.01710069444444451
3 0.43042534722222225 0.32009548611111116 0.04079861111111116 0.02126736111111116
2 0.3515190972222222 0.27065972222222223 0.02799479166666674 0.030425347222222232
4 0.2713541666666667 0.3173611111111111 0.04470486111111105 0.021440972222222188
5 0.3556857638888889 0.31753472222222223 0.022482638888888906 0.03407118055555558
1 0.26861979166666666 0.2645399305555556 0.03580729166666663 0.03077256944444451
4 0.5053385416666667 0.324609375 0.03884548611111116 0.021180555555555536
5 0.1786892361111111 0.31167534722222223 0.02886284722222221 0.04019097222222223
0 0.1740017361111111 0.25894097222222223 0.039713541666666685 0.030946180555555536
6 0.42625868055555555 0.2732204861111111 0.02799479166666663 0.030425347222222232
7 0.5009982638888889 0.27578125 0.02799479166666674 0.030425347222222232
8 0.5682725694444445 0.28259548611111107 0.025694444444444464 0.026432291666666607