1 0.23758680555555556 0.1962673611111111 0.04192708333333328 0.042838541666666674
4 0.7143663194444444 0.253125 0.055251736111111116 0.027821180555555602
2 0.35863715277777775 0.19283854166666667 0.04184027777777777 0.038932291666666674
3 0.35703125 0.2651041666666667 0.061111111111111116 0.028081597222222143
4 0.5952256944444444 0.2584201388888889 0.057204861111111116 0.027907986111111116
3 0.112890625 0.2759548611111111 0.061197916666666685 0.031987847222222254
5 0.47421875 0.2598958333333333 0.03237847222222223 0.052170138888888884
6 0.47773437500000004 0.18949652777777778 0.04192708333333339 0.042838541666666674
5 0.233984375 0.27057291666666666 0.03229166666666666 0.048263888888888884
7 0.5968315972222222 0.18615451388888887 0.04574652777777777 0.03910590277777781
0 0.11453993055555556 0.20173611111111112 0.047873263888888906 0.047005208333333326
8 0.7159722222222222 0.180859375 0.04184027777777777 0.038932291666666674