4 0.7504340277777778 0.3142505787037037 0.05321180555555549 0.02809606481481486
3 0.24592013888888892 0.2696180555555555 0.07504340277777777 0.032320601851851816
5 0.3897569444444444 0.27957175925925926 0.04231770833333326 0.05914351851851851
4 0.6399739583333334 0.3028356481481481 0.06332465277777777 0.03214699074074079
5 0.5176215277777778 0.29320023148148144 0.03611111111111098 0.05515046296296289
3 0.09835069444444444 0.25765335648148147 0.08090277777777777 0.03240740740740744
0 0.10243055555555555 0.1677517361111111 0.06276041666666665 0.04774305555555558
2 0.394921875 0.19946469907407408 0.05104166666666665 0.04756944444444444
6 0.5266927083333333 0.21315104166666665 0.045008680555555625 0.04552951388888893
7 0.6449652777777778 0.22468171296296297 0.045008680555555625 0.04552951388888887
8 0.7572048611111111 0.2380787037037037 0.04075520833333335 0.04156539351851851
1 0.2555121527777778 0.18370949074074075 0.05104166666666665 0.04756944444444444