0 0.06333912037037037 0.37874710648148147 0.01973379629629629 0.02792245370370372
1 0.10245949074074073 0.3877170138888889 0.019690393518518534 0.02206307870370372
4 0.10267650462962963 0.4170138888888889 0.01967592592592593 0.02010995370370372
5 0.06355613425925925 0.40804398148148147 0.01579861111111111 0.023900462962962887
2 0.13959780092592594 0.39272280092592593 0.015798611111111138 0.023900462962963
6 0.1728443287037037 0.39956597222222223 0.02162905092592593 0.020167824074074137
7 0.20413773148148148 0.4063512731481481 0.01381655092592593 0.019936342592592693
8 0.23149594907407406 0.4091145833333333 0.011877893518518534 0.021831597222222276
5 0.14176793981481484 0.4220775462962963 0.015784143518518534 0.021947337962963
3 0.1730324074074074 0.42495659722222223 0.021614583333333326 0.018214699074074137
4 0.2043113425925926 0.4297887731481481 0.021614583333333326 0.018214699074074137