3 0.3796875 0.43721064814814814 0.026663773148148162 0.01656539351851849
3 0.4244502314814815 0.4408275462962963 0.028776041666666696 0.0185908564814814
5 0.467578125 0.4404658564814815 0.019646990740740722 0.02604166666666674
5 0.50859375 0.4419849537037037 0.017375578703703765 0.02206307870370372
4 0.5514033564814815 0.4455295138888889 0.026663773148148273 0.01656539351851849
4 0.5924189814814815 0.4470486111111111 0.026822916666666696 0.01851851851851849
0 0.3837094907407408 0.4118923611111111 0.027141203703703765 0.02242476851851849
1 0.4266782407407408 0.4134837962962963 0.02112268518518512 0.02025462962962954
2 0.4676938657407408 0.4150028935185185 0.023234953703703765 0.02228009259259256
6 0.5106626157407408 0.4165943287037037 0.021281828703703543 0.02220775462962965
7 0.5536313657407408 0.4181857638888889 0.02144097222222241 0.02416087962962965
8 0.5946469907407408 0.4197048611111111 0.019328703703703543 0.02213541666666663