0 0.390625 0.3046875 0.03125 0.02734375
1 0.4609375 0.318359375 0.029296875 0.029296875
2 0.52734375 0.330078125 0.029296875 0.03125
6 0.595703125 0.34375 0.025390625 0.033203125
7 0.662109375 0.357421875 0.025390625 0.029296875
8 0.728515625 0.373046875 0.025390625 0.03125
3 0.384765625 0.34375 0.03515625 0.0234375
3 0.453125 0.357421875 0.03515625 0.021484375
5 0.521484375 0.37109375 0.01953125 0.03515625
5 0.587890625 0.384765625 0.01953125 0.03515625
4 0.65234375 0.400390625 0.033203125 0.0234375
4 0.716796875 0.4140625 0.03515625 0.0234375