3 0.30454282407407407 0.341796875 0.04398148148148151 0.01953125
5 0.39048032407407407 0.341796875 0.025159143518518556 0.033203125
3 0.552488425925926 0.34375 0.0439814814814814 0.01953125
4 0.22446469907407407 0.341796875 0.04398148148148151 0.01953125
7 0.5550202546296297 0.294921875 0.03081597222222232 0.029296875
4 0.47241030092592595 0.34375 0.0459346064814814 0.01953125
1 0.3091290509259259 0.291015625 0.03472222222222221 0.029296875
6 0.4729890046296296 0.294921875 0.03081597222222221 0.029296875
5 0.630613425925926 0.34375 0.021252893518518556 0.033203125
0 0.2251446759259259 0.291015625 0.03472222222222221 0.029296875
8 0.6331452546296297 0.294921875 0.030613425925925863 0.025390625
2 0.3929108796296296 0.294921875 0.03081597222222221 0.029296875