4 0.3615451388888889 0.36605902777777777 0.04571759259259256 0.021817129629629672
6 0.36357060185185186 0.31137152777777777 0.03240740740740744 0.031481481481481444
3 0.44741030092592593 0.36864872685185185 0.04557291666666663 0.017910879629629672
5 0.27177372685185186 0.36344039351851853 0.02481192129629628 0.03728298611111103
4 0.09013310185185186 0.3620949074074074 0.049479166666666685 0.01793981481481477
7 0.4494357638888889 0.31396122685185185 0.03226273148148151 0.027575231481481444
3 0.18200231481481483 0.3608217592592593 0.04571759259259256 0.021817129629629672
1 0.18395543981481483 0.3080873842592593 0.03240740740740744 0.031481481481481444
2 0.27177372685185186 0.31069155092592593 0.03645833333333326 0.03541666666666665
5 0.5333478009259259 0.36928530092592593 0.02481192129629628 0.03728298611111114
0 0.09223090277777778 0.3054542824074074 0.03645833333333334 0.03541666666666665
8 0.5353009259259259 0.31655092592592593 0.03240740740740744 0.031481481481481444