3 0.16080729166666666 0.28855613425925924 0.06438078703703703 0.03002025462962965
4 0.5165653935185186 0.26613136574074076 0.0604745370370372 0.02973090277777779
4 0.6298466435185186 0.25774016203703703 0.0604745370370372 0.02973090277777779
3 0.045500578703703706 0.2961154513888889 0.048755787037037035 0.02886284722222221
5 0.27589699074074076 0.27806712962962965 0.03291377314814814 0.05099826388888884
5 0.3971354166666667 0.2710503472222222 0.03262442129629628 0.04709201388888895
2 0.27278645833333337 0.20956307870370372 0.0419560185185186 0.04195601851851849
1 0.15559895833333331 0.21824363425925924 0.04586226851851849 0.04224537037037035
6 0.39192708333333337 0.2007378472222222 0.0458622685185186 0.04224537037037035
0 0.03616898148148148 0.22316261574074076 0.04195601851851852 0.04195601851851849
7 0.5092592592592593 0.19401041666666669 0.0458622685185186 0.04224537037037035
8 0.6264467592592593 0.1853298611111111 0.0458622685185186 0.04224537037037035