4 0.7567274305555556 0.357421875 0.04217303240740744 0.015625
3 0.6024305555555556 0.357421875 0.04217303240740744 0.015625
4 0.6825086805555556 0.357421875 0.04021990740740744 0.015625
2 0.7582465277777778 0.310546875 0.02727141203703698 0.025390625
3 0.9697627314814815 0.35546875 0.0073061342592593 0.01953125
6 0.8363715277777778 0.310546875 0.02727141203703698 0.025390625
5 0.8328993055555556 0.357421875 0.02213541666666652 0.03515625
0 0.6059027777777778 0.310546875 0.03117766203703698 0.025390625
5 0.9092158564814814 0.35546875 0.02184606481481488 0.03125
7 0.9107349537037037 0.30859375 0.03146701388888884 0.029296875
1 0.6840277777777778 0.310546875 0.03117766203703698 0.025390625