3 0.42161458333333335 0.37919560185185186 0.03749999999999998 0.01895254629629628
4 0.6364149305555555 0.3891059027777778 0.04140625000000009 0.01909722222222221
3 0.7106336805555555 0.39185474537037035 0.03750000000000009 0.01895254629629628
4 0.5661024305555555 0.3865017361111111 0.03750000000000009 0.01895254629629628
5 0.49388020833333335 0.3818721064814815 0.020269097222222143 0.03392650462962954
2 0.49292534722222225 0.3368778935185185 0.02795138888888893 0.0283564814814814
8 0.7096354166666667 0.34881365740740744 0.02795138888888893 0.0283564814814814
7 0.6394097222222223 0.34230324074074076 0.02795138888888893 0.02835648148148151
5 0.3454861111111111 0.3744212962962963 0.020225694444444442 0.03197337962962954
1 0.42065972222222225 0.3342013888888889 0.02795138888888893 0.02835648148148151
6 0.5651909722222223 0.33955439814814814 0.02404513888888893 0.02821180555555558
0 0.34453125 0.32942708333333337 0.031770833333333304 0.02459490740740744
8 0.06471354166666667 0.43048321759259256 0.01410590277777779 0.0200376157407407
8 0.045312500000000006 0.42390046296296297 0.014062500000000006 0.0180844907407407
8 0.01970486111111111 0.4327256944444444 0.018489583333333337 0.04166666666666674
8 0.001302083333333333 0.4269748263888889 0.002604166666666666 0.03363715277777779