4 0.26883680555555556 0.35286458333333337 0.049782986111111094 0.02473958333333326
4 0.18094618055555556 0.34700520833333337 0.049782986111111094 0.02473958333333326
3 0.09500868055555556 0.3412760416666667 0.049782986111111094 0.02473958333333326
5 0.356640625 0.3567708333333333 0.025000000000000022 0.03671875000000002
3 0.536328125 0.36875 0.04978298611111098 0.02473958333333326
2 0.26631944444444444 0.2962239583333333 0.036545138888888884 0.03359374999999998
5 0.446484375 0.3627604166666667 0.025000000000000022 0.03671874999999991
6 0.35421006944444444 0.3020833333333333 0.032638888888888884 0.033333333333333326
0 0.09071180555555555 0.2884114583333333 0.032638888888888884 0.033333333333333326
7 0.44405381944444444 0.30807291666666664 0.032638888888888884 0.033333333333333326
8 0.5358506944444444 0.31419270833333335 0.032638888888888884 0.033333333333333326
1 0.17664930555555555 0.294140625 0.032638888888888884 0.033333333333333326