4 0.580078125 0.330078125 0.046875 0.021484375
3 0.671875 0.32421875 0.05078125 0.021484375
3 0.876953125 0.314453125 0.05859375 0.021484375
1 0.578125 0.271484375 0.03125 0.03125
0 0.48828125 0.27734375 0.03125 0.03125
5 0.48828125 0.33203125 0.021484375 0.03515625
5 0.771484375 0.31640625 0.025390625 0.041015625
2 0.673828125 0.267578125 0.03515625 0.03515625
4 0.982421875 0.30859375 0.03515625 0.009765625
7 0.87890625 0.251953125 0.037109375 0.03515625
6 0.771484375 0.2578125 0.037109375 0.03515625
2 0.986328125 0.24609375 0.02734375 0.03515625