0 0.09440104166666666 0.3037905092592592 0.036892361111111105 0.033695023148148096
1 0.17643229166666666 0.30257523148148147 0.037109375 0.035648148148148096
2 0.25651041666666663 0.30138888888888893 0.03884548611111116 0.033723958333333304
6 0.3363715277777778 0.2982494212962963 0.037109375 0.035648148148148096
7 0.41861979166666663 0.29898726851851853 0.03689236111111116 0.033695023148148096
8 0.5004340277777778 0.2958188657407408 0.03732638888888884 0.037601273148148096
5 0.34006076388888884 0.3490596064814815 0.02756076388888884 0.037456597222222276
5 0.4216579861111111 0.34393807870370374 0.025390625 0.03547453703703707
3 0.10177951388888888 0.3525896990740741 0.04557291666666666 0.024074074074074137
4 0.1818576388888889 0.35140335648148147 0.04926215277777779 0.022178819444444442
4 0.2599826388888889 0.350245949074074 0.04557291666666663 0.024074074074074137
3 0.5060763888888888 0.34660011574074073 0.04709201388888884 0.020196759259259234