4 0.2689236111111111 0.337890625 0.041970486111111094 0.021484375
4 0.61953125 0.31640625 0.04800347222222223 0.025390625
8 0.6168402777777777 0.255859375 0.03671874999999991 0.03515625
3 0.3487413194444444 0.33203125 0.04188368055555558 0.01953125
6 0.43190104166666665 0.26953125 0.032638888888888884 0.03125
5 0.43441840277777777 0.326171875 0.023133680555555536 0.037109375
1 0.2664930555555556 0.283203125 0.02669270833333326 0.029296875
7 0.521484375 0.263671875 0.032638888888888884 0.03125
3 0.5260416666666666 0.322265625 0.05581597222222223 0.025390625
2 0.3462239583333333 0.275390625 0.030685763888888884 0.03125
5 0.19283854166666664 0.33984375 0.021093750000000022 0.03515625
0 0.19058159722222223 0.2890625 0.032638888888888884 0.03125