5 0.6440248842592593 0.38515625 0.018258101851851727 0.025737847222222276
3 0.700462962962963 0.3858506944444444 0.030714699074074092 0.01432291666666674
1 0.7060619212962963 0.35065104166666666 0.023712384259259256 0.021961805555555602
4 0.8184606481481481 0.3754340277777778 0.03287037037037033 0.016319444444444442
5 0.7577112268518518 0.37873263888888886 0.018258101851851727 0.025737847222222276
4 0.8790075231481482 0.37408854166666666 0.03637152777777786 0.012499999999999956
2 0.7611545138888889 0.34552951388888886 0.023712384259259256 0.02196180555555549
6 0.8238570601851852 0.3421875 0.023712384259259256 0.02196180555555549
0 0.6474681712962963 0.351953125 0.023712384259259256 0.02196180555555549
7 0.8848090277777778 0.3369357638888889 0.027618634259259256 0.022048611111111116
3 0.9436631944444445 0.370703125 0.03287037037037033 0.016319444444444442
8 0.947511574074074 0.33359375 0.027618634259259256 0.022048611111111116