3 0.6875 0.3554542824074074 0.05533854166666674 0.025000000000000022
3 0.42165798611111116 0.3671730324074074 0.04123263888888884 0.02068865740740744
4 0.3485243055555556 0.37284432870370365 0.03732638888888884 0.020572916666666607
7 0.6924913194444444 0.29289641203703703 0.0390625 0.03619791666666672
4 0.5911458333333333 0.3584780092592592 0.05143229166666652 0.0248842592592593
1 0.4292534722222222 0.3164496527777778 0.03298611111111116 0.03407118055555558
6 0.5974392361111112 0.30183738425925927 0.03298611111111116 0.03407118055555558
5 0.7901475694444444 0.34869791666666666 0.03407118055555558 0.04383680555555558
5 0.5026041666666666 0.3617332175925926 0.02734375 0.03585069444444444
0 0.3524305555555556 0.32005208333333335 0.02907986111111116 0.03395543981481475
8 0.7992621527777777 0.284302662037037 0.04340277777777768 0.04021990740740744
2 0.5084635416666666 0.3089988425925926 0.03298611111111116 0.03407118055555558