3 0.21484375 0.291015625 0.05859375 0.025390625
0 0.212890625 0.220703125 0.041015625 0.0390625
1 0.330078125 0.224609375 0.037109375 0.037109375
4 0.443359375 0.29296875 0.056640625 0.02734375
4 0.556640625 0.29296875 0.056640625 0.02734375
5 0.66796875 0.29296875 0.03125 0.046875
5 0.328125 0.2890625 0.03125 0.046875
3 0.779296875 0.296875 0.05859375 0.025390625
6 0.5546875 0.22265625 0.041015625 0.037109375
2 0.44140625 0.22265625 0.041015625 0.037109375
8 0.77734375 0.224609375 0.037109375 0.037109375
7 0.66796875 0.22265625 0.041015625 0.041015625