0 0.26953125 0.3984375 0.017578125 0.01953125
1 0.3125 0.3984375 0.017578125 0.01953125
2 0.353515625 0.3984375 0.017578125 0.01953125
6 0.396484375 0.400390625 0.017578125 0.01953125
7 0.435546875 0.3984375 0.015625 0.01953125
8 0.478515625 0.3984375 0.017578125 0.021484375
3 0.26953125 0.423828125 0.0234375 0.015625
3 0.3125 0.42578125 0.0234375 0.017578125
5 0.35546875 0.423828125 0.013671875 0.021484375
5 0.39453125 0.423828125 0.013671875 0.0234375
4 0.435546875 0.42578125 0.021484375 0.015625
4 0.478515625 0.423828125 0.021484375 0.015625