8 0.7734375 0.3671875 0.021484375 0.021484375
6 0.662109375 0.3671875 0.01953125 0.021484375
5 0.50390625 0.40234375 0.01171875 0.021484375
4 0.716796875 0.400390625 0.02734375 0.01171875
2 0.607421875 0.37109375 0.021484375 0.021484375
7 0.716796875 0.3671875 0.021484375 0.021484375
3 0.556640625 0.40234375 0.03125 0.01171875
0 0.501953125 0.37109375 0.021484375 0.021484375
5 0.609375 0.40234375 0.01171875 0.021484375
1 0.556640625 0.37109375 0.01953125 0.021484375
4 0.662109375 0.400390625 0.03125 0.01171875
3 0.771484375 0.400390625 0.03125 0.01171875