3 0.3325376157407407 0.3485677083333333 0.04260706018518512 0.020442708333333393
3 0.5787905092592593 0.3559895833333333 0.04260706018518512 0.020442708333333393
4 0.4967592592592593 0.35416666666666663 0.04260706018518523 0.020442708333333393
4 0.2505063657407407 0.34674479166666666 0.04651331018518512 0.020529513888888906
1 0.32839988425925926 0.29778645833333334 0.03168402777777779 0.02994791666666663
6 0.4927806712962963 0.30533854166666663 0.03168402777777768 0.02994791666666674
0 0.24425636574074072 0.2939670138888889 0.03786168981481486 0.033984374999999956
5 0.6569155092592592 0.35772569444444446 0.022236689814814747 0.03363715277777779
2 0.4125434027777778 0.30160590277777777 0.03136574074074072 0.02604166666666674
5 0.4165219907407407 0.35043402777777777 0.026142939814814747 0.033723958333333304
7 0.5748119212962963 0.3071614583333333 0.03168402777777768 0.02994791666666674
8 0.6550491898148147 0.3108940972222222 0.03136574074074083 0.02604166666666663