0 0.185546875 0.1328125 0.05859375 0.015625
3 0.34765625 0.21484375 0.07421875 0.03125
4 0.650390625 0.22265625 0.068359375 0.03515625
3 0.9375 0.23046875 0.07421875 0.03125
4 0.796875 0.228515625 0.068359375 0.03125
5 0.5 0.220703125 0.037109375 0.05859375
5 0.185546875 0.208984375 0.041015625 0.0625
8 0.94140625 0.14453125 0.05078125 0.041015625
6 0.650390625 0.140625 0.05078125 0.03125
7 0.796875 0.142578125 0.04296875 0.03515625
1 0.34765625 0.13671875 0.05078125 0.021484375
2 0.5 0.138671875 0.05078125 0.02734375