4 0.45703125 0.353515625 0.041015625 0.01953125
3 0.6953125 0.353515625 0.041015625 0.01953125
4 0.5390625 0.353515625 0.041015625 0.01953125
3 0.298828125 0.349609375 0.041015625 0.01953125
0 0.296875 0.30078125 0.03125 0.02734375
2 0.45703125 0.30078125 0.02734375 0.02734375
7 0.6171875 0.3046875 0.02734375 0.02734375
5 0.37890625 0.3515625 0.01953125 0.03515625
1 0.37890625 0.30078125 0.02734375 0.02734375
5 0.6171875 0.3515625 0.021484375 0.03515625
6 0.5390625 0.302734375 0.02734375 0.025390625
8 0.69921875 0.3046875 0.02734375 0.02734375