4 0.18359375 0.353515625 0.041015625 0.01953125
4 0.26171875 0.353515625 0.041015625 0.01953125
8 0.501953125 0.30078125 0.02734375 0.02734375
6 0.33984375 0.30078125 0.02734375 0.02734375
7 0.419921875 0.30078125 0.02734375 0.03125
5 0.33984375 0.3515625 0.021484375 0.03515625
5 0.419921875 0.3515625 0.021484375 0.03515625
0 0.1015625 0.3046875 0.02734375 0.02734375
1 0.1796875 0.3046875 0.02734375 0.02734375
2 0.259765625 0.30078125 0.03125 0.02734375
3 0.5 0.349609375 0.04296875 0.01953125
3 0.103515625 0.3515625 0.04296875 0.021484375