7 0.294921875 0.36798321759259256 0.025390625 0.0243778935185186
2 0.18359375 0.3682002314814815 0.025390625 0.0282841435185186
8 0.34765625 0.36993634259259256 0.0234375 0.02625868055555558
1 0.126953125 0.36834490740740744 0.025390625 0.0243778935185186
6 0.240234375 0.3680555555555556 0.025390625 0.0263310185185186
4 0.06640625 0.4037905092592593 0.0390625 0.0209780092592593
0 0.064453125 0.3687065972222222 0.02734375 0.02640335648148151
3 0.125 0.40357349537037035 0.03515625 0.01888020833333326
4 0.2421875 0.40313946759259256 0.03515625 0.02083333333333326
3 0.18359375 0.4014033564814815 0.03125 0.02068865740740744
5 0.296875 0.40111400462962965 0.021484375 0.02813946759259256
5 0.34765625 0.40118634259259256 0.015625 0.02987557870370372