0 0.944140625 0.41977719907407407 0.02304687499999991 0.024074074074074137
1 0.9907552083333333 0.42116608796296295 0.018489583333333393 0.022005208333333304
3 0.94609375 0.44907407407407407 0.026562499999999822 0.01833043981481486
3 0.98935546875 0.45046296296296295 0.021289062499999956 0.018388310185185164
0 0.08802083333333333 0.3846643518518519 0.026953125000000022 0.024189814814814747
1 0.14075520833333333 0.38622685185185185 0.025130208333333348 0.026085069444444442
2 0.19153645833333333 0.3877314814814815 0.023046875000000022 0.024074074074074137
6 0.24427083333333333 0.38929398148148153 0.023046875000000022 0.024074074074074137
7 0.2950520833333333 0.39079861111111114 0.023046875000000022 0.024074074074074137
8 0.3497395833333333 0.39241898148148147 0.025000000000000022 0.024131944444444442
3 0.09010416666666668 0.4159143518518519 0.03046874999999999 0.01844618055555558
3 0.14283854166666665 0.41747685185185185 0.030468750000000044 0.01844618055555558
5 0.19557291666666665 0.4190393518518518 0.023307291666666674 0.027980324074074137
5 0.24635416666666665 0.4205439814814815 0.019401041666666674 0.027864583333333304
4 0.29713541666666665 0.42204861111111114 0.030468750000000044 0.01844618055555558
4 0.35 0.4255642361111111 0.028385416666666607 0.016435185185185164