7 0.7438368055555555 0.23845486111111108 0.035937499999999956 0.036979166666666674
3 0.49014756944444443 0.3296440972222222 0.04144965277777779 0.021657986111111138
4 0.4217447916666667 0.3351417824074074 0.03559027777777779 0.021354166666666674
4 0.6526041666666667 0.3056134259259259 0.04539930555555549 0.023813657407407485
6 0.6518663194444445 0.25102719907407406 0.028038194444444553 0.03266782407407409
3 0.74453125 0.29499421296296297 0.05125868055555549 0.024117476851851838
5 0.8404513888888889 0.2802662037037037 0.028255208333333393 0.04243344907407409
5 0.5684461805555555 0.3177806712962963 0.022309027777777768 0.03822337962962963
2 0.5696180555555554 0.2650462962962963 0.03194444444444455 0.03287037037037033
1 0.4932725694444444 0.2768084490740741 0.02599826388888893 0.028660300925925863
8 0.8436631944444444 0.22352430555555552 0.03789062500000018 0.03708043981481479
0 0.42083333333333334 0.28836805555555556 0.026085069444444442 0.03256655092592586