4 0.4576533564814815 0.3946614583333333 0.032682291666666696 0.019429976851851882
3 0.40555555555555556 0.38997395833333337 0.032682291666666696 0.01942997685185177
3 0.506322337962963 0.39372106481481484 0.028776041666666696 0.019198495370370328
4 0.2829861111111111 0.39140625 0.036588541666666696 0.019661458333333326
5 0.21916956018518519 0.38741319444444444 0.024030671296296324 0.03252314814814816
5 0.3472800925925926 0.3895399305555556 0.019806134259259256 0.028385416666666607
1 0.288599537037037 0.34636863425925923 0.025347222222222188 0.024826388888888884
0 0.2208767361111111 0.34260706018518516 0.025347222222222243 0.024826388888888884
2 0.350462962962963 0.3504774305555556 0.025665509259259256 0.028732638888888884
6 0.4067853009259259 0.3510271990740741 0.023712384259259256 0.028616898148148162
7 0.4590422453703704 0.35376157407407405 0.023394097222222188 0.02471064814814805
8 0.5093460648148148 0.35661168981481484 0.023394097222222188 0.02471064814814805