0 0.3898726851851852 0.24774305555555554 0.042259837962962954 0.03407118055555558
1 0.47682291666666665 0.23602430555555554 0.036400462962962954 0.033940972222222254
2 0.5700086805555555 0.2280815972222222 0.044401041666666696 0.03606770833333328
6 0.666724537037037 0.21614583333333331 0.04068287037037033 0.03793402777777777
7 0.7716290509259259 0.20794270833333334 0.04263599537037033 0.03797743055555558
8 0.8841579861111111 0.19761284722222222 0.04282407407407396 0.03993055555555558
5 0.39318576388888893 0.30247395833333335 0.03129340277777781 0.04162326388888893
5 0.673119212962963 0.28255208333333337 0.03399884259259256 0.04947916666666674
4 0.4824652777777778 0.29461805555555554 0.049131944444444464 0.024479166666666607
3 0.5738859953703703 0.288671875 0.053038194444444464 0.024565972222222232
3 0.7797887731481481 0.2723524305555556 0.05927372685185173 0.028602430555555447
4 0.890552662037037 0.2640190972222222 0.05536747685185173 0.028515625000000044