3 0.07473958333333333 0.23726851851851852 0.07886284722222223 0.036096643518518545
4 0.5453559027777778 0.22374131944444442 0.07495659722222214 0.03595196759259256
5 0.23098958333333333 0.2314814814814815 0.03845486111111113 0.06192129629629628
4 0.3891059027777778 0.22952835648148148 0.07495659722222214 0.035951967592592615
3 0.6976996527777778 0.21809895833333331 0.07495659722222214 0.03595196759259256
2 0.2310763888888889 0.13975694444444445 0.05572916666666666 0.048900462962962965
8 0.6997829861111111 0.12434895833333334 0.05581597222222223 0.052806712962962965
6 0.38732638888888893 0.1339699074074074 0.05572916666666661 0.048900462962962965
7 0.5455295138888889 0.1281105324074074 0.05963541666666661 0.049045138888888895
1 0.07677951388888889 0.14547164351851852 0.05182291666666666 0.048755787037037035
3 0.131640625 0.4869068287037037 0.01996527777777779 0.02025462962962954
3 0.15703125 0.4859664351851852 0.01801215277777779 0.02018229166666663