0 0.36393229166666663 0.3391927083333333 0.03038194444444442 0.02973090277777779
1 0.43619791666666663 0.3402633101851852 0.02850115740740744 0.03165509259259258
2 0.5026041666666666 0.3412471064814815 0.03038194444444442 0.02973090277777779
6 0.5748697916666666 0.3423177083333333 0.02842881944444442 0.029701967592592693
7 0.6412760416666666 0.3433015046296296 0.02842881944444442 0.029701967592592693
8 0.7116608796296295 0.3462962962962963 0.0283564814814814 0.027748842592592693
3 0.36552372685185186 0.3821614583333333 0.03985821759259256 0.02206307870370372
3 0.43583622685185186 0.383203125 0.03783275462962965 0.020081018518518512
5 0.5061487268518519 0.3842447916666667 0.02271412037037046 0.03352141203703707
5 0.5744357638888888 0.38330439814814815 0.02271412037037024 0.03352141203703707
4 0.6429398148148149 0.3882233796296296 0.03595196759259256 0.022005208333333304
4 0.7131799768518519 0.3873119212962963 0.03587962962962954 0.020052083333333304