3 0.48216145833333335 0.22495659722222222 0.06853298611111103 0.023943865740740755
4 0.870847800925926 0.22403067129629628 0.06072048611111125 0.023885995370370394
4 0.743894675925926 0.22497106481481483 0.06465567129629646 0.027821180555555602
2 0.48168402777777775 0.16050347222222222 0.043243634259259256 0.03742766203703701
3 0.22041377314814814 0.22298900462962962 0.06462673611111114 0.023914930555555602
5 0.35324074074074074 0.22395833333333331 0.033550347222222276 0.04712094907407405
8 0.856712962962963 0.16163194444444445 0.043243634259259256 0.03742766203703707
1 0.3547164351851852 0.15949074074074077 0.04321469907407405 0.03352141203703707
6 0.6066984953703703 0.16153067129629628 0.04321469907407405 0.03352141203703707
5 0.6130208333333333 0.22398726851851852 0.03352141203703707 0.04321469907407405
7 0.7297453703703703 0.16061921296296294 0.04321469907407405 0.03352141203703707
0 0.2258101851851852 0.16044560185185186 0.05102719907407405 0.033579282407407374