6 0.8147714120370371 0.3828125 0.028660300925925863 0.025390625
8 0.9219907407407407 0.37890625 0.024754050925925863 0.025390625
7 0.8674045138888888 0.380859375 0.02485532407407387 0.02734375
2 0.7620370370370371 0.3828125 0.024855324074074092 0.02734375
1 0.7093026620370371 0.3828125 0.024855324074074092 0.02734375
0 0.6586226851851852 0.384765625 0.024652777777777857 0.0234375
4 0.6602430555555556 0.416015625 0.030208333333333393 0.017578125
3 0.7129774305555556 0.416015625 0.03411458333333339 0.017578125
3 0.7636574074074074 0.4140625 0.03236400462962963 0.021484375
4 0.8144386574074074 0.4140625 0.0322627314814814 0.01953125
5 0.8691261574074074 0.4140625 0.020949074074074092 0.02734375
5 0.9217592592592592 0.412109375 0.02105034722222232 0.029296875