0 0.442896412037037 0.38274016203703703 0.021281828703703765 0.02220775462962965
6 0.5708478009259259 0.39923321759259256 0.021440972222222188 0.02416087962962954
3 0.5293981481481482 0.42708333333333337 0.026663773148148273 0.0165653935185186
5 0.44214409722222225 0.416015625 0.017853009259259256 0.02792245370370372
3 0.4867476851851852 0.42158564814814814 0.026504629629629628 0.01461226851851849
8 0.6445891203703704 0.4078414351851852 0.02144097222222241 0.02416087962962965
1 0.48945312500000004 0.38838252314814814 0.017375578703703765 0.02206307870370372
2 0.532103587962963 0.39388020833333337 0.019487847222222188 0.02408854166666674
4 0.5683015046296296 0.43048321759259256 0.026663773148148273 0.0165653935185186
4 0.6072048611111112 0.43388310185185186 0.024551504629629628 0.01453993055555558
7 0.6097511574074074 0.40263310185185186 0.019487847222222188 0.02408854166666663
5 0.6422019675925926 0.4371383101851852 0.013628472222222188 0.02387152777777779