6 0.734375 0.31640625 0.025390625 0.025390625
4 0.509765625 0.359375 0.037109375 0.01953125
5 0.87890625 0.36328125 0.01953125 0.03125
0 0.509765625 0.310546875 0.03125 0.02734375
4 0.736328125 0.361328125 0.041015625 0.015625
3 0.5859375 0.359375 0.041015625 0.01953125
3 0.806640625 0.36328125 0.037109375 0.01953125
1 0.5859375 0.3125 0.02734375 0.025390625
2 0.66015625 0.314453125 0.03125 0.02734375
5 0.66015625 0.361328125 0.01953125 0.03515625
7 0.806640625 0.31640625 0.025390625 0.025390625
8 0.87890625 0.31640625 0.02734375 0.02734375