0 0.388671875 0.390625 0.01953125 0.01953125
1 0.435546875 0.390625 0.021484375 0.021484375
2 0.4765625 0.390625 0.01953125 0.01953125
6 0.5234375 0.390625 0.01953125 0.01953125
7 0.56640625 0.390625 0.01953125 0.01953125
5 0.431640625 0.41796875 0.01171875 0.021484375
3 0.388671875 0.41796875 0.025390625 0.01171875
4 0.4765625 0.41796875 0.025390625 0.01171875
4 0.5234375 0.419921875 0.025390625 0.013671875
5 0.568359375 0.41796875 0.015625 0.021484375
3 0.609375 0.41796875 0.025390625 0.01171875
8 0.609375 0.390625 0.01953125 0.01953125