4 0.8091145833333333 0.32863136574074076 0.04275173611111116 0.02105034722222221
1 0.571484375 0.27864583333333337 0.03190104166666652 0.03038194444444442
5 0.6564236111111111 0.33036747685185186 0.024609375000000044 0.03595196759259256
2 0.6519097222222222 0.27958622685185186 0.03190104166666674 0.03038194444444442
4 0.576171875 0.3313802083333333 0.04275173611111116 0.02105034722222221
5 0.4937934027777777 0.3305121527777778 0.024609375000000044 0.03595196759259256
3 0.7347222222222223 0.3294270833333333 0.04665798611111116 0.02119502314814814
0 0.4892795138888889 0.2797309027777778 0.03385416666666674 0.03045428240740744
7 0.8047743055555556 0.2798032407407407 0.03190104166666652 0.03038194444444442
3 0.8815538194444444 0.3279079861111111 0.036545138888888884 0.01692708333333337
6 0.7303819444444444 0.28059895833333337 0.02799479166666652 0.0302372685185186
8 0.8773871527777778 0.2810329861111111 0.03190104166666674 0.03038194444444442