5 0.0012695312500000007 0.38155381944444444 0.0025390625000000014 0.023741319444444464
3 0.11435185185185184 0.3979166666666667 0.021223958333333348 0.01801215277777768
4 0.15108506944444444 0.40264756944444446 0.019270833333333348 0.01796875000000009
4 0.03697916666666666 0.38836805555555554 0.02084780092592592 0.01410590277777779
5 0.07761863425925926 0.3931857638888889 0.015552662037037035 0.019835069444444464
1 0.03998842592592593 0.35711805555555554 0.021788194444444436 0.02387152777777779
6 0.11698495370370371 0.3705729166666667 0.015552662037037035 0.019835069444444464
2 0.07848668981481481 0.3638454861111111 0.019835069444444436 0.023828124999999978
8 0.1824508101851852 0.3818142361111111 0.019458912037037035 0.01992187500000009
7 0.15176504629629628 0.37526041666666665 0.015364583333333348 0.017881944444444464
0 0.002680121527777777 0.35026041666666663 0.005360243055555554 0.01992187500000009
3 0.178052662037037 0.40716145833333334 0.015364583333333348 0.017881944444444464