0 0.6223090277777779 0.33854166666666663 0.016666666666666607 0.024479166666666607
1 0.6576388888888889 0.34010416666666665 0.018619791666666607 0.024609375000000044
2 0.6909288194444445 0.33984375 0.016666666666666607 0.024479166666666607
6 0.7243055555555555 0.34153645833333335 0.018619791666666607 0.024609375000000044
7 0.7536892361111112 0.34153645833333335 0.014713541666666607 0.024348958333333393
8 0.7830729166666667 0.34153645833333335 0.014713541666666607 0.024348958333333393
4 0.6254774305555555 0.3657552083333333 0.022178819444444553 0.017057291666666696
3 0.6589409722222223 0.36940104166666665 0.022265624999999956 0.019010416666666696
5 0.6940972222222221 0.3670572916666667 0.014713541666666607 0.024348958333333393
4 0.7254340277777778 0.36692708333333335 0.018272569444444553 0.016796875000000044
3 0.7549045138888889 0.36888020833333335 0.020312499999999956 0.01888020833333326
5 0.7842013888888889 0.36692708333333335 0.01649305555555558 0.020572916666666607