4 0.45729166666666665 0.42408854166666665 0.029759837962962887 0.01692708333333326
4 0.4066840277777778 0.4276909722222222 0.029701967592592582 0.01497395833333326
5 0.26807002314814815 0.4234809027777778 0.014424189814814858 0.02599826388888893
0 0.2651909722222222 0.3921440972222222 0.016319444444444442 0.024131944444444442
1 0.30810185185185185 0.39210069444444445 0.020225694444444442 0.02430555555555558
3 0.31103877314814815 0.425390625 0.029701967592592582 0.01497395833333326
2 0.3548611111111111 0.3902777777777778 0.020225694444444442 0.02430555555555558
8 0.5108217592592592 0.38745659722222225 0.020225694444444553 0.02430555555555558
7 0.45625 0.38893229166666665 0.020225694444444442 0.02430555555555558
3 0.3578559027777778 0.42552083333333335 0.029701967592592582 0.01497395833333326
6 0.40357349537037035 0.3885416666666667 0.020225694444444442 0.02430555555555558
5 0.5099103009259259 0.4225260416666667 0.01649305555555558 0.029991319444444442