0 0.251953125 0.220703125 0.041015625 0.041015625
1 0.369140625 0.22265625 0.0390625 0.0390625
2 0.48046875 0.22265625 0.041015625 0.037109375
6 0.59375 0.224609375 0.0390625 0.0390625
7 0.70703125 0.224609375 0.03515625 0.037109375
8 0.81640625 0.224609375 0.033203125 0.03515625
3 0.251953125 0.291015625 0.0546875 0.025390625
5 0.365234375 0.2890625 0.03125 0.046875
4 0.48046875 0.29296875 0.056640625 0.02734375
4 0.59375 0.29296875 0.056640625 0.02734375
3 0.81640625 0.291015625 0.056640625 0.025390625
5 0.705078125 0.29296875 0.02734375 0.046875