0 0.2850260416666667 0.26870659722222223 0.046788194444444375 0.045515046296296324
1 0.3690104166666667 0.26372974537037036 0.040234375000000044 0.03735532407407405
2 0.4510416666666667 0.25886863425925927 0.040234375000000044 0.03735532407407405
6 0.5330729166666667 0.2540075231481481 0.036328125000000044 0.037123842592592604
7 0.6151041666666667 0.24914641203703702 0.040060763888888795 0.03540219907407405
8 0.6967881944444445 0.24819155092592593 0.03845486111111107 0.039192708333333326
3 0.2826388888888889 0.3174189814814815 0.04539930555555549 0.029890046296296324
3 0.3646701388888889 0.31255787037037036 0.047178819444444464 0.028052662037037046
5 0.4467013888888889 0.3076967592592592 0.031163194444444375 0.04458912037037033
5 0.5285590277777777 0.3047887731481481 0.029036458333333348 0.04252025462962972
4 0.6105902777777779 0.299927662037037 0.04947916666666652 0.03207465277777777
4 0.6906684027777777 0.29518229166666665 0.047178819444444464 0.028052662037037046