0 0.12109375 0.33203125 0.029296875 0.02734375
1 0.19140625 0.33203125 0.02734375 0.02734375
2 0.259765625 0.33203125 0.02734375 0.029296875
6 0.330078125 0.33203125 0.025390625 0.02734375
7 0.3984375 0.33203125 0.025390625 0.02734375
8 0.46484375 0.333984375 0.025390625 0.02734375
3 0.12109375 0.373046875 0.03515625 0.01953125
3 0.19140625 0.375 0.03515625 0.01953125
5 0.26171875 0.373046875 0.021484375 0.03515625
5 0.328125 0.375 0.01953125 0.033203125
4 0.396484375 0.375 0.03515625 0.0234375
4 0.466796875 0.375 0.033203125 0.01953125