3 0.8985677083333333 0.333984375 0.05638020833333335 0.02782118055555549
3 0.3201822916666667 0.30438368055555554 0.06028645833333335 0.02799479166666674
1 0.43268229166666666 0.2392795138888889 0.04361979166666663 0.040885416666666674
0 0.31341145833333334 0.23203125000000002 0.043749999999999956 0.042838541666666674
4 0.5545572916666667 0.3148003472222222 0.06028645833333335 0.02799479166666663
5 0.7830729166666667 0.32495659722222225 0.03229166666666661 0.04622395833333326
4 0.669921875 0.321875 0.060546875 0.03190104166666674
5 0.4373697916666667 0.3095920138888889 0.03255208333333326 0.05013020833333326
2 0.5479166666666666 0.24440104166666665 0.04361979166666652 0.040885416666666674
6 0.6651041666666666 0.249609375 0.04166666666666652 0.040798611111111105
7 0.778515625 0.2565972222222222 0.04375000000000018 0.042838541666666674
8 0.8938802083333333 0.263671875 0.04361979166666652 0.040885416666666674