3 0.68359375 0.345703125 0.041015625 0.021484375
4 0.76171875 0.34765625 0.041015625 0.01953125
5 0.4296875 0.3359375 0.021484375 0.03515625
5 0.6015625 0.33984375 0.021484375 0.037109375
1 0.51953125 0.28515625 0.03125 0.02734375
2 0.6015625 0.291015625 0.02734375 0.03125
4 0.51953125 0.33984375 0.04296875 0.01953125
0 0.4296875 0.283203125 0.03515625 0.02734375
3 0.837890625 0.349609375 0.037109375 0.01953125
7 0.76171875 0.294921875 0.02734375 0.02734375
6 0.68359375 0.29296875 0.02734375 0.02734375
8 0.837890625 0.298828125 0.025390625 0.02734375