4 0.3402777777777778 0.419921875 0.027647569444444464 0.013671875
4 0.3832465277777778 0.419921875 0.027647569444444464 0.013671875
3 0.24657118055555555 0.41796875 0.02756076388888895 0.009765625
3 0.430078125 0.421875 0.02365451388888884 0.009765625
5 0.20169270833333333 0.416015625 0.01410590277777779 0.01953125
2 0.29401041666666666 0.392578125 0.020052083333333304 0.0234375
5 0.29344618055555555 0.41796875 0.014192708333333304 0.0234375
7 0.3838107638888889 0.39453125 0.01996527777777779 0.01953125
6 0.34088541666666666 0.392578125 0.019921874999999978 0.017578125
0 0.20030381944444445 0.390625 0.02387152777777779 0.01953125
1 0.24717881944444442 0.390625 0.01996527777777779 0.01953125
8 0.4306857638888889 0.39453125 0.01992187500000009 0.017578125
5 0.016840277777777777 0.47265625 0.019921875 0.017578125
5 0.04613715277777777 0.47265625 0.019921875000000006 0.017578125
5 0.028559027777777777 0.47265625 0.01796875 0.017578125
5 0.06371527777777777 0.47265625 0.014062500000000006 0.017578125