4 0.734375 0.30859375 0.05078125 0.025390625
3 0.63671875 0.3046875 0.052734375 0.021484375
5 0.30859375 0.2890625 0.03125 0.046875
4 0.421875 0.296875 0.056640625 0.025390625
3 0.830078125 0.310546875 0.046875 0.021484375
5 0.529296875 0.298828125 0.02734375 0.046875
6 0.63671875 0.23828125 0.03515625 0.03515625
2 0.53125 0.234375 0.037109375 0.037109375
0 0.30859375 0.22265625 0.04296875 0.037109375
1 0.423828125 0.228515625 0.041015625 0.037109375
8 0.83203125 0.248046875 0.03515625 0.03515625
7 0.734375 0.244140625 0.037109375 0.037109375