4 0.49288194444444444 0.3711226851851852 0.03674768518518512 0.019791666666666652
3 0.8168981481481481 0.3472511574074074 0.05073784722222241 0.02379918981481488
3 0.5654658564814814 0.3666811342592593 0.04456018518518512 0.01984953703703707
5 0.9151909722222222 0.33871527777777777 0.028255208333333393 0.03534432870370363
0 0.4965422453703704 0.3262008101851852 0.02777777777777768 0.02948495370370363
7 0.8195601851851853 0.290625 0.03559027777777768 0.029542824074074048
4 0.724782986111111 0.35183738425925926 0.04456018518518512 0.01984953703703707
6 0.7290798611111111 0.29910300925925926 0.03200231481481475 0.03342013888888884
2 0.6442997685185186 0.3094907407407408 0.03168402777777768 0.02951388888888884
8 0.9178530092592593 0.28208912037037037 0.04176793981481475 0.03349247685185186
5 0.6403211805555555 0.35831886574074073 0.026302083333333393 0.03532986111111114
1 0.5676504629629631 0.31591435185185185 0.02777777777777768 0.029484953703703742