5 0.23540219907407406 0.3774739583333333 0.014988425925925974 0.026302083333333393
3 0.3334635416666667 0.3631510416666667 0.030107060185185164 0.017578125
8 0.5081741898148149 0.2970052083333333 0.026707175925925863 0.027083333333333348
6 0.39037905092592595 0.3165364583333333 0.020746527777777857 0.02473958333333326
3 0.28247974537037035 0.37044270833333337 0.026200810185185164 0.017317708333333348
3 0.38640046296296293 0.35572916666666665 0.030107060185185164 0.017578125
7 0.4473234953703704 0.30690104166666665 0.024754050925925863 0.02695312499999991
5 0.5058449074074074 0.3419270833333333 0.02105034722222232 0.03059895833333326
4 0.4450954861111111 0.34986979166666665 0.030107060185185164 0.017578125
0 0.2353732638888889 0.34049479166666663 0.020746527777777746 0.02473958333333326
2 0.3335358796296296 0.32421875 0.020746527777777857 0.02473958333333337
1 0.28450520833333337 0.33138020833333337 0.020847800925925863 0.02669270833333326