3 0.6156828703703704 0.45286458333333335 0.023640046296296235 0.014713541666666607
7 0.6562644675925926 0.425390625 0.01789641203703707 0.022265624999999956
5 0.47881944444444446 0.4370225694444444 0.014019097222222276 0.02404513888888893
4 0.5277054398148148 0.44309895833333335 0.027604166666666652 0.018793402777777857
2 0.5721643518518518 0.4138454861111111 0.021831597222222054 0.024392361111111094
8 0.693431712962963 0.43094618055555556 0.017896412037036846 0.022265624999999956
4 0.6567274305555555 0.456640625 0.023640046296296457 0.014713541666666607
5 0.5726562500000001 0.4470486111111111 0.010170717592592471 0.02777777777777779
0 0.4782986111111111 0.40186631944444445 0.02180266203703707 0.022439236111111094
1 0.5271846064814815 0.40794270833333335 0.017925347222222276 0.024218749999999956
6 0.6152199074074074 0.42161458333333335 0.01789641203703707 0.022265624999999956
3 0.6919415509259259 0.462109375 0.021686921296296235 0.014626736111111094