4 0.2837962962962963 0.32499999999999996 0.04118923611111103 0.026171874999999956
3 0.3560185185185185 0.3143229166666667 0.041174768518518534 0.024218749999999956
4 0.5199652777777778 0.28776041666666663 0.04703414351851842 0.024609375000000044
3 0.6136574074074075 0.27369791666666665 0.05292245370370363 0.02890624999999991
7 0.6112123842592593 0.20742187499999998 0.037384259259259256 0.039583333333333304
5 0.43405671296296294 0.2973958333333333 0.025665509259259256 0.03880208333333335
8 0.7165798611111112 0.18671875 0.041319444444444464 0.043749999999999956
6 0.5175636574074074 0.22734375 0.03151041666666665 0.037239583333333326
5 0.7170717592592593 0.253125 0.027676504629629672 0.046744791666666674
2 0.43366608796296297 0.24466145833333336 0.031481481481481444 0.033333333333333326
1 0.35366030092592593 0.259765625 0.025622106481481444 0.03294270833333335
0 0.2814525462962963 0.27239583333333334 0.025622106481481444 0.03294270833333335