2 0.31484375 0.34642650462962965 0.03576388888888893 0.02994791666666674
8 0.48289930555555555 0.337890625 0.03194444444444444 0.03356481481481488
3 0.253125 0.3862123842592593 0.03559027777777779 0.02213541666666674
1 0.2562065972222222 0.34881365740740744 0.02604166666666663 0.03117766203703698
4 0.19253472222222223 0.38874421296296297 0.03745659722222222 0.01837384259259256
7 0.4282118055555556 0.34194155092592593 0.02795138888888893 0.02936921296296302
0 0.19370659722222222 0.35344328703703703 0.027951388888888873 0.02936921296296291
6 0.3715277777777778 0.3441840277777778 0.02599826388888893 0.02922453703703698
3 0.315625 0.38158275462962965 0.03363715277777779 0.0219907407407407
4 0.37621527777777775 0.37905092592592593 0.03750000000000009 0.02032696759259256
5 0.42894965277777775 0.37514467592592593 0.02213541666666674 0.03088831018518512
5 0.4836371527777778 0.37109375 0.020225694444444442 0.0326967592592593