4 0.09765625 0.349609375 0.046875 0.01953125
4 0.177734375 0.349609375 0.04296875 0.01953125
5 0.2578125 0.34765625 0.021484375 0.03515625
5 0.33984375 0.34765625 0.021484375 0.03515625
3 0.419921875 0.34765625 0.041015625 0.021484375
3 0.01953125 0.349609375 0.0390625 0.01953125
2 0.17578125 0.30078125 0.02734375 0.02734375
6 0.2578125 0.298828125 0.02734375 0.02734375
0 0.017578125 0.30078125 0.02734375 0.02734375
7 0.33984375 0.298828125 0.02734375 0.02734375
8 0.419921875 0.298828125 0.02734375 0.02734375
1 0.09765625 0.30078125 0.025390625 0.02734375