1 0.384765625 0.283203125 0.02734375 0.03125
0 0.3046875 0.2890625 0.02734375 0.02734375
4 0.384765625 0.333984375 0.04296875 0.01953125
3 0.654296875 0.3203125 0.052734375 0.021484375
4 0.755859375 0.314453125 0.05078125 0.021484375
3 0.470703125 0.330078125 0.046875 0.021484375
2 0.46875 0.275390625 0.03125 0.03125
7 0.65625 0.26171875 0.037109375 0.03515625
5 0.55859375 0.32421875 0.025390625 0.037109375
6 0.55859375 0.267578125 0.03125 0.03515625
8 0.759765625 0.251953125 0.037109375 0.03515625
5 0.302734375 0.33984375 0.01953125 0.03515625