4 0.400390625 0.326171875 0.04296875 0.021484375
3 0.3125 0.330078125 0.04296875 0.021484375
3 0.15625 0.33984375 0.037109375 0.01953125
4 0.083984375 0.34375 0.037109375 0.01953125
6 0.232421875 0.28125 0.02734375 0.03125
5 0.232421875 0.333984375 0.021484375 0.037109375
5 0.013671875 0.34765625 0.015625 0.037109375
2 0.15625 0.28515625 0.025390625 0.02734375
1 0.083984375 0.29296875 0.025390625 0.02734375
7 0.3125 0.2734375 0.03125 0.03515625
0 0.013671875 0.296875 0.02734375 0.03125
8 0.400390625 0.26953125 0.03125 0.03125