3 0.830078125 0.240234375 0.06640625 0.03125
4 0.68359375 0.24609375 0.06640625 0.03125
3 0.544921875 0.2578125 0.06640625 0.02734375
4 0.302734375 0.271484375 0.056640625 0.025390625
2 0.419921875 0.185546875 0.046875 0.046875
5 0.419921875 0.263671875 0.02734375 0.052734375
0 0.19140625 0.20703125 0.037109375 0.041015625
5 0.19140625 0.27734375 0.025390625 0.05078125
1 0.30078125 0.197265625 0.041015625 0.04296875
6 0.544921875 0.17578125 0.046875 0.04296875
8 0.826171875 0.15234375 0.052734375 0.046875
7 0.681640625 0.1640625 0.05078125 0.046875