3 0.26449652777777777 0.43385416666666665 0.03725405092592593 0.022005208333333304
8 0.4326967592592592 0.41380208333333335 0.02756076388888884 0.031119791666666674
1 0.20619212962962963 0.39088541666666665 0.025607638888888895 0.030989583333333348
3 0.20593171296296298 0.42604166666666665 0.033362268518518534 0.023697916666666652
2 0.264771412037037 0.39674479166666665 0.027546296296296235 0.029166666666666674
7 0.3780237268518518 0.408203125 0.027546296296296235 0.029166666666666674
6 0.3233506944444444 0.40260416666666665 0.02365451388888884 0.030859375000000022
4 0.14733796296296298 0.42213541666666665 0.035286458333333326 0.019921874999999978
4 0.32504340277777777 0.437890625 0.03530092592592593 0.02187500000000009
0 0.14761284722222223 0.38502604166666665 0.033420138888888895 0.03151041666666665
5 0.43440393518518516 0.4471354166666667 0.019762731481481444 0.03255208333333326
5 0.37971643518518516 0.4434895833333333 0.02365451388888884 0.030859375000000022