0 0.10603298611111112 0.23596643518518517 0.058723958333333326 0.04897280092592593
4 0.108984375 0.3023726851851852 0.06601562500000002 0.03754340277777779
3 0.22473958333333333 0.318359375 0.06202256944444451 0.03544560185185186
1 0.22196180555555556 0.255859375 0.045052083333333326 0.04846643518518523
2 0.3241319444444445 0.27329282407407407 0.04097222222222219 0.0444155092592593
5 0.3286892361111111 0.33195891203703703 0.03146701388888884 0.04991319444444442
6 0.4164496527777778 0.28841145833333337 0.03519965277777781 0.04615162037037046
4 0.419140625 0.3489583333333333 0.050043402777777746 0.02915219907407407
7 0.49713541666666666 0.3050491898148148 0.03689236111111105 0.04036458333333337
3 0.5015190972222222 0.3598090277777778 0.04622395833333326 0.03096064814814814
5 0.5740451388888889 0.36834490740740744 0.027300347222222188 0.0439091435185186
8 0.5717881944444445 0.31756365740740744 0.033072916666666785 0.04217303240740744