3 0.4388454861111111 0.38546006944444444 0.03780381944444444 0.017274305555555536
5 0.5129774305555556 0.39071180555555557 0.020920138888888884 0.03211805555555558
7 0.6555989583333334 0.35203993055555555 0.022612847222222232 0.026345486111111094
2 0.5130208333333334 0.345703125 0.030425347222222232 0.02669270833333337
4 0.653515625 0.39891493055555555 0.03585069444444455 0.017187500000000022
5 0.36657986111111107 0.3822482638888889 0.02083333333333326 0.03016493055555558
4 0.58125 0.395703125 0.03780381944444455 0.017274305555555536
3 0.721875 0.401953125 0.03585069444444455 0.01718749999999991
8 0.7257378472222222 0.35907118055555554 0.026519097222222232 0.026519097222222232
0 0.3665364583333333 0.33919270833333337 0.030425347222222232 0.02669270833333326
1 0.4407552083333333 0.34249131944444444 0.026519097222222232 0.026519097222222232
6 0.5833333333333334 0.348828125 0.026519097222222232 0.026519097222222232
6 0.03585069444444444 0.42625868055555555 0.012586805555555552 0.020052083333333304
1 0.010546874999999999 0.42317708333333337 0.012413194444444445 0.016145833333333304
8 0.08246527777777778 0.43420138888888893 0.012413194444444442 0.016145833333333304
8 0.06106770833333333 0.4312934027777778 0.012586805555555552 0.020052083333333304
8 0.1015625 0.44483506944444445 0.017187499999999994 0.03585069444444444
8 0.10776909722222222 0.4372829861111111 0.012586805555555552 0.020052083333333304
8 0.06037326388888889 0.4469184027777778 0.012586805555555552 0.020052083333333304
8 0.03337673611111111 0.437890625 0.023307291666666674 0.041970486111111205