1 0.45102719907407407 0.27259837962962963 0.03985821759259256 0.03765914351851851
3 0.7692418981481481 0.3320601851851852 0.06257233796296302 0.02824074074074079
7 0.7759693287037037 0.26763599537037036 0.0419560185185186 0.03964120370370372
4 0.34649884259259256 0.33752893518518523 0.05251736111111116 0.024189814814814747
5 0.5521556712962963 0.33275462962962965 0.03052662037037024 0.04337384259259258
2 0.5587384259259259 0.27028356481481486 0.04571759259259256 0.03774594907407414
4 0.6577690972222222 0.3323640046296296 0.05837673611111116 0.024276620370370372
5 0.8849103009259259 0.3279079861111111 0.03247974537037046 0.04340277777777779
8 0.8917824074074074 0.2615306712962963 0.04181134259259256 0.03768807870370372
0 0.34932002314814814 0.273046875 0.04181134259259256 0.03768807870370372
6 0.6663049768518519 0.269921875 0.0415219907407407 0.03378182870370372
3 0.4463975694444444 0.33509837962962963 0.05837673611111116 0.024276620370370372