4 0.5225983796296296 0.3316840277777778 0.03815104166666661 0.018402777777777768
4 0.5932581018518519 0.32426215277777776 0.03826678240740744 0.020355902777777768
0 0.3368344907407408 0.3065538194444445 0.025057870370370328 0.027864583333333304
4 0.4560763888888889 0.33511284722222223 0.03424479166666661 0.018315972222222254
1 0.39577546296296295 0.2993923611111111 0.024826388888888884 0.023958333333333304
4 0.39322916666666663 0.3423611111111111 0.032060185185185164 0.014366319444444442
5 0.6697771990740741 0.31671006944444446 0.021730324074074048 0.03754340277777779
5 0.3363570601851852 0.3475260416666667 0.019545717592592604 0.03359374999999998
2 0.4565538194444444 0.294140625 0.025057870370370328 0.027864583333333304
6 0.5253761574074074 0.2848090277777778 0.025057870370370328 0.027864583333333304
8 0.6726707175925926 0.26788194444444446 0.028964120370370328 0.02795138888888893
7 0.5940827546296297 0.2774305555555555 0.028964120370370328 0.02795138888888893