3 0.453125 0.3671875 0.037109375 0.015625
5 0.525390625 0.369140625 0.01953125 0.03125
7 0.6640625 0.32421875 0.021484375 0.025390625
2 0.5234375 0.32421875 0.02734375 0.025390625
4 0.6640625 0.37109375 0.03515625 0.015625
5 0.380859375 0.3671875 0.01953125 0.02734375
4 0.59375 0.37109375 0.037109375 0.015625
3 0.732421875 0.37109375 0.03515625 0.015625
8 0.734375 0.328125 0.025390625 0.025390625
0 0.37890625 0.32421875 0.02734375 0.025390625
1 0.453125 0.32421875 0.025390625 0.025390625
6 0.59375 0.32421875 0.025390625 0.025390625
0 0.005859375 0.419921875 0.01171875 0.015625
6 0.056640625 0.42578125 0.01171875 0.01953125
1 0.03125 0.423828125 0.01171875 0.015625
8 0.103515625 0.4296875 0.01171875 0.015625
8 0.08203125 0.427734375 0.01171875 0.01953125
8 0.123046875 0.439453125 0.015625 0.03515625
8 0.12890625 0.431640625 0.01171875 0.01953125
8 0.0078125 0.439453125 0.015625 0.021484375
8 0.08203125 0.443359375 0.01171875 0.01953125
8 0.0546875 0.435546875 0.021484375 0.041015625