0 0.384765625 0.373046875 0.025390625 0.02734375
1 0.4375 0.37109375 0.025390625 0.025390625
2 0.490234375 0.37109375 0.021484375 0.025390625
6 0.541015625 0.37109375 0.021484375 0.025390625
7 0.59375 0.37109375 0.0234375 0.0234375
8 0.646484375 0.373046875 0.0234375 0.0234375
5 0.59375 0.404296875 0.01953125 0.02734375
5 0.64453125 0.40234375 0.01953125 0.025390625
4 0.54296875 0.404296875 0.03125 0.015625
3 0.48828125 0.40625 0.03125 0.015625
3 0.4375 0.404296875 0.03125 0.015625
4 0.384765625 0.404296875 0.033203125 0.015625