0 0.002448640046296297 0.3709056712962963 0.004897280092592594 0.023567708333333326
1 0.041550925925925936 0.3764178240740741 0.021440972222222215 0.02358217592592593
2 0.08404224537037037 0.381958912037037 0.023394097222222215 0.023596643518518534
6 0.11856192129629631 0.38951099537037037 0.02128182870370371 0.02162905092592593
7 0.15535300925925927 0.3931423611111111 0.019487847222222188 0.023567708333333326
8 0.19003182870370372 0.39874131944444446 0.019487847222222188 0.023567708333333326
5 0.0015842013888888902 0.4041087962962963 0.0031684027777777804 0.02358217592592593
4 0.03884548611111111 0.4096209490740741 0.022757523148148148 0.015784143518518534
5 0.0816550925925926 0.411255787037037 0.021440972222222243 0.02358217592592593
3 0.11828703703703702 0.41684027777777777 0.024551504629629628 0.013845486111111138
4 0.153125 0.4204861111111111 0.020645254629629628 0.01381655092592593
3 0.18600983796296297 0.424146412037037 0.020645254629629628 0.01381655092592593
0 0.901490162037037 0.41103877314814813 0.019010416666666696 0.017708333333333326
1 0.938599537037037 0.4107638888888889 0.019487847222222188 0.023567708333333326
3 0.9013744212962963 0.4364149305555556 0.018692129629629628 0.013802083333333437
3 0.9388020833333333 0.4322337962962963 0.024392361111110983 0.011892361111111027