4 0.5625 0.3203125 0.05078125 0.021484375
3 0.259765625 0.306640625 0.056640625 0.025390625
6 0.46484375 0.25390625 0.03125 0.03515625
4 0.46875 0.31640625 0.05078125 0.025390625
0 0.14453125 0.234375 0.041015625 0.037109375
2 0.36328125 0.248046875 0.03515625 0.03515625
5 0.365234375 0.30859375 0.025390625 0.04296875
1 0.259765625 0.240234375 0.037109375 0.037109375
7 0.5625 0.2578125 0.03125 0.03515625
3 0.654296875 0.32421875 0.046875 0.021484375
5 0.14453125 0.30078125 0.02734375 0.04296875
8 0.65625 0.265625 0.03125 0.03125