4 0.642578125 0.26953125 0.05859375 0.01953125
3 0.396484375 0.265625 0.0625 0.01953125
4 0.759765625 0.26953125 0.056640625 0.01953125
3 0.15234375 0.263671875 0.05859375 0.021484375
8 0.74609375 0.220703125 0.04296875 0.02734375
6 0.517578125 0.216796875 0.041015625 0.02734375
5 0.51953125 0.267578125 0.03125 0.03515625
5 0.27734375 0.263671875 0.03125 0.03515625
2 0.40234375 0.216796875 0.046875 0.02734375
7 0.630859375 0.220703125 0.04296875 0.02734375
0 0.166015625 0.21484375 0.04296875 0.02734375
1 0.28515625 0.216796875 0.04296875 0.02734375