3 0.568359375 0.283203125 0.056640625 0.02734375
4 0.6796875 0.2890625 0.052734375 0.02734375
3 0.78515625 0.29296875 0.052734375 0.025390625
5 0.19921875 0.265625 0.03515625 0.05078125
4 0.328125 0.2734375 0.0625 0.02734375
5 0.44921875 0.27734375 0.03125 0.046875
6 0.56640625 0.2109375 0.041015625 0.041015625
0 0.19921875 0.19140625 0.046875 0.04296875
2 0.44921875 0.205078125 0.04296875 0.041015625
1 0.328125 0.19921875 0.04296875 0.041015625
8 0.787109375 0.224609375 0.037109375 0.037109375
7 0.6796875 0.216796875 0.041015625 0.041015625