0 0.4955295138888889 0.2622974537037037 0.03919270833333344 0.03708043981481479
1 0.5774450231481482 0.25609085648148144 0.035170717592592604 0.034924768518518556
2 0.6576388888888889 0.2538917824074074 0.035170717592592604 0.034924768518518556
6 0.7376012731481482 0.24778645833333335 0.037123842592592604 0.035026041666666674
7 0.8196325231481482 0.2435329861111111 0.03298611111111116 0.030917245370370383
8 0.9016637731481482 0.23927951388888885 0.03689236111111116 0.031119791666666674
3 0.5003761574074074 0.31102430555555555 0.04654224537037033 0.029673032407407374
4 0.5785011574074075 0.3069733796296296 0.04619502314814827 0.023813657407407374
4 0.6624855324074074 0.3026186342592593 0.052170138888888884 0.02607060185185195
5 0.7404947916666667 0.29661458333333335 0.02770543981481488 0.04037905092592586
5 0.8226417824074074 0.29431423611111107 0.025636574074074048 0.03832465277777786
3 0.9065104166666667 0.28800636574074073 0.044357638888888884 0.025665509259259256