6 0.8296875 0.26848958333333334 0.030989583333333348 0.02712673611111105
2 0.7553385416666667 0.2709346064814815 0.033203125 0.031148726851851882
1 0.6830729166666667 0.27521701388888886 0.027083333333333348 0.026895254629629717
4 0.8328125 0.31536458333333334 0.03619791666666661 0.017708333333333326
5 0.9774739583333334 0.30875289351851853 0.021614583333333215 0.03240740740740744
3 0.6841145833333333 0.32025462962962964 0.04205729166666661 0.018055555555555602
5 0.7604166666666667 0.31769386574074077 0.023567708333333215 0.03252314814814805
4 0.6098958333333333 0.3246527777777778 0.03815104166666661 0.017824074074074048
3 0.903125 0.31119791666666663 0.03815104166666661 0.017824074074074048
7 0.901953125 0.2642071759259259 0.030989583333333348 0.02712673611111116
0 0.6048177083333334 0.2778935185185185 0.03125 0.03103298611111116
8 0.9763020833333333 0.2617621527777778 0.03125 0.03103298611111116