3 0.5805989583333333 0.3716435185185185 0.033984374999999956 0.018070023148148096
3 0.4375 0.3578125 0.04188368055555558 0.02013888888888893
2 0.3568576388888889 0.3000144675925926 0.028732638888888884 0.03165509259259258
4 0.2730034722222222 0.3456163194444445 0.04383680555555558 0.020167824074074137
5 0.3590277777777778 0.3488425925925926 0.021006944444444398 0.03349247685185186
1 0.2724392361111111 0.2890046296296296 0.034592013888888884 0.031741898148148096
4 0.5139322916666667 0.3648003472222222 0.03797743055555558 0.020081018518518512
5 0.18077256944444445 0.33449074074074076 0.029166666666666674 0.04142071759259258
0 0.17630208333333333 0.27782118055555555 0.038498263888888884 0.03179976851851851
6 0.4353298611111111 0.308984375 0.028732638888888884 0.03165509259259258
7 0.5098090277777778 0.31594328703703706 0.028732638888888884 0.03165509259259258
8 0.5805555555555555 0.3267505787037037 0.024652777777777857 0.027690972222222276