1 0.4044270833333333 0.36617476851851855 0.024869791666666696 0.022178819444444442
2 0.45729166666666665 0.3626591435185185 0.02499999999999991 0.024131944444444442
6 0.5177083333333333 0.36281828703703706 0.02499999999999991 0.024131944444444442
7 0.5743489583333333 0.36114004629629626 0.02695312499999991 0.024189814814814747
8 0.62890625 0.36147280092592593 0.027213541666666563 0.02809606481481486
3 0.34153645833333335 0.403125 0.030208333333333393 0.01453993055555558
5 0.4002604166666667 0.3994357638888889 0.021223958333333348 0.02596932870370372
4 0.45677083333333335 0.39971064814814816 0.03411458333333339 0.014655671296296302
4 0.5153645833333333 0.397974537037037 0.030208333333333393 0.01453993055555558
3 0.6266927083333333 0.39467592592592593 0.030208333333333393 0.01453993055555558
5 0.5701822916666667 0.3944010416666667 0.017317708333333348 0.025853587962963
0 0.34401041666666665 0.366015625 0.02499999999999991 0.024131944444444442