3 0.234375 0.400390625 0.025390625 0.01171875
4 0.341796875 0.3984375 0.02734375 0.015625
4 0.2890625 0.3984375 0.02734375 0.015625
3 0.505859375 0.3984375 0.03125 0.015625
8 0.5078125 0.36328125 0.021484375 0.021484375
1 0.2890625 0.36328125 0.021484375 0.021484375
7 0.451171875 0.36328125 0.021484375 0.021484375
6 0.396484375 0.36328125 0.01953125 0.021484375
0 0.232421875 0.3671875 0.021484375 0.021484375
5 0.451171875 0.3984375 0.015625 0.02734375
2 0.341796875 0.365234375 0.021484375 0.025390625
5 0.39453125 0.3984375 0.015625 0.02734375