0 0.2974392361111111 0.3041521990740741 0.030034722222222254 0.03472222222222221
1 0.3812934027777778 0.30264756944444443 0.030034722222222143 0.03472222222222221
4 0.76484375 0.3557002314814815 0.051302083333333304 0.026070601851851838
4 0.38255208333333335 0.35928819444444443 0.041536458333333304 0.025564236111111138
3 0.468359375 0.357884837962963 0.04535590277777768 0.021860532407407485
3 0.6615017361111111 0.35814525462962965 0.051302083333333304 0.026070601851851838
5 0.5620225694444445 0.3588396990740741 0.026302083333333393 0.04233217592592586
2 0.46710069444444446 0.301244212962963 0.03394097222222214 0.034924768518518556
7 0.6581597222222222 0.2955439814814815 0.03593750000000018 0.036979166666666674
6 0.5606336805555556 0.2963396990740741 0.03398437500000018 0.036877893518518556
5 0.29861111111111116 0.3568865740740741 0.024218749999999956 0.03637152777777786
8 0.7634548611111112 0.29320023148148144 0.03993055555555536 0.04108796296296302