0 0.01265552662037037 0.2919560185185185 0.02531105324074074 0.03913483796296302
1 0.09741030092592592 0.2894965277777778 0.037384259259259256 0.03985821759259256
2 0.1833622685185185 0.28117766203703703 0.03736979166666665 0.03790509259259256
6 0.2712673611111111 0.27271412037037035 0.035431134259259256 0.03971354166666674
7 0.35912905092592595 0.2701099537037037 0.035431134259259256 0.03971354166666674
8 0.4470341435185185 0.26164641203703703 0.03544560185185186 0.04166666666666663
5 0.2688946759259259 0.3294994212962963 0.025694444444444464 0.04289641203703698
5 0.3568287037037037 0.31712962962962965 0.023712384259259256 0.03884548611111116
3 0.015845630787037036 0.34635416666666663 0.03169126157407407 0.0258969907407407
4 0.09701967592592593 0.3422309027777778 0.05095486111111111 0.02719907407407407
4 0.18297164351851852 0.33391203703703703 0.04706307870370369 0.02886284722222221
3 0.4466435185185185 0.31438078703703703 0.047034143518518534 0.02495659722222221