4 0.48098958333333336 0.359375 0.04817708333333337 0.01953125
4 0.5649739583333333 0.359375 0.04427083333333348 0.01953125
3 0.7368489583333333 0.359375 0.04427083333333348 0.01953125
3 0.3071614583333333 0.359375 0.04817708333333326 0.01953125
0 0.303515625 0.3046875 0.03515625 0.029296875
1 0.389453125 0.3046875 0.03125 0.029296875
2 0.475390625 0.3046875 0.03125 0.029296875
7 0.6473958333333333 0.306640625 0.03125 0.029296875
5 0.6509114583333333 0.359375 0.025651041666666652 0.033203125
5 0.39296875 0.357421875 0.025911458333333304 0.037109375
6 0.5614583333333333 0.306640625 0.03125 0.029296875
8 0.7333333333333333 0.306640625 0.03125 0.029296875