0 0.32204861111111116 0.2703993055555556 0.04709201388888884 0.03838252314814805
1 0.419921875 0.27524594907407407 0.0390625 0.03619791666666661
2 0.51171875 0.2779658564814815 0.044921875 0.036371527777777746
6 0.609375 0.280859375 0.03689236111111116 0.03418692129629619
7 0.703125 0.2836371527777778 0.041015625 0.036255787037037024
8 0.7970920138888888 0.28836805555555556 0.03515625 0.036082175925925886
3 0.3266059027777778 0.32893518518518516 0.05186631944444442 0.0287905092592593
3 0.4242621527777778 0.3318287037037037 0.05143229166666674 0.0248842592592593
5 0.5182291666666667 0.3365596064814815 0.02994791666666652 0.04176793981481486
5 0.6139322916666666 0.3393952546296296 0.03211805555555558 0.043778935185185164
4 0.7098524305555556 0.3441840277777778 0.04969618055555558 0.026779513888888884
4 0.8036024305555556 0.34696180555555556 0.04969618055555558 0.026779513888888884