5 0.21420717592592592 0.36400462962962965 0.016507523148148184 0.0283564814814814
4 0.3536892361111111 0.34592013888888884 0.029166666666666674 0.01960358796296302
2 0.30830439814814814 0.31633391203703703 0.022366898148148184 0.0287905092592593
0 0.21765046296296298 0.33080150462962965 0.024117476851851838 0.02698206018518512
6 0.3573350694444445 0.31076388888888884 0.02196180555555549 0.0248842592592593
5 0.45585937499999996 0.3325376157407407 0.020413773148148184 0.02864583333333326
4 0.4048755787037037 0.33825231481481477 0.028761574074074092 0.01569733796296302
8 0.4618634259259259 0.29333043981481477 0.02196180555555549 0.0248842592592593
7 0.4087239583333333 0.30114293981481477 0.02155671296296302 0.0209780092592593
3 0.2573784722222222 0.3588686342592593 0.029166666666666674 0.01960358796296302
1 0.26102430555555556 0.3237123842592593 0.02196180555555549 0.0248842592592593
3 0.3046585648148148 0.35149016203703703 0.025260416666666674 0.01931423611111116