3 0.5335214120370371 0.2979021990740741 0.06213831018518512 0.02311921296296293
4 0.7836805555555555 0.3146701388888889 0.06604456018518512 0.023350694444444486
3 0.27945601851851853 0.2809027777777778 0.06636284722222219 0.027256944444444486
4 0.9067274305555555 0.32196180555555554 0.06018518518518512 0.02300347222222221
5 0.40836226851851853 0.2885416666666667 0.03606770833333339 0.037123842592592604
5 0.6565682870370371 0.30519386574074076 0.03606770833333339 0.037123842592592604
6 0.648683449074074 0.25613425925925926 0.04308449074074083 0.027821180555555602
8 0.8851707175925927 0.2720920138888889 0.04730902777777768 0.031958912037037046
2 0.529542824074074 0.24907407407407406 0.05153356481481497 0.03609664351851849
7 0.7640769675925927 0.26491608796296295 0.04340277777777768 0.0317274305555556
0 0.2849247685185185 0.2287471064814815 0.04730902777777779 0.031958912037037046
1 0.41024305555555557 0.2400607638888889 0.04340277777777779 0.03172743055555555