3 0.419921875 0.353515625 0.041015625 0.01953125
4 0.341796875 0.353515625 0.041015625 0.01953125
3 0.17578125 0.349609375 0.041015625 0.01953125
6 0.33984375 0.302734375 0.03125 0.025390625
4 0.09375 0.349609375 0.04296875 0.01953125
7 0.419921875 0.3046875 0.02734375 0.02734375
2 0.259765625 0.30078125 0.03125 0.02734375
1 0.17578125 0.30078125 0.02734375 0.02734375
5 0.259765625 0.3515625 0.01953125 0.03515625
5 0.5 0.353515625 0.01953125 0.03125
0 0.091796875 0.298828125 0.03515625 0.02734375
8 0.501953125 0.3046875 0.02734375 0.02734375