3 0.8046875 0.359375 0.041015625 0.01953125
3 0.421875 0.359375 0.037109375 0.01953125
4 0.57421875 0.359375 0.041015625 0.01953125
4 0.498046875 0.359375 0.041015625 0.01953125
8 0.8046875 0.310546875 0.02734375 0.02734375
5 0.6484375 0.357421875 0.021484375 0.03515625
6 0.650390625 0.3125 0.025390625 0.025390625
5 0.7265625 0.357421875 0.021484375 0.03515625
1 0.498046875 0.3125 0.02734375 0.025390625
0 0.419921875 0.314453125 0.02734375 0.02734375
7 0.7265625 0.310546875 0.02734375 0.02734375
2 0.57421875 0.3125 0.02734375 0.025390625