8 0.78125 0.34780092592592593 0.0234375 0.023784722222222276
6 0.666015625 0.3495081018518519 0.01953125 0.02372685185185186
5 0.5 0.3871238425925926 0.013671875 0.023640046296296235
4 0.72265625 0.3818721064814815 0.029296875 0.014105902777777679
2 0.609375 0.35425347222222225 0.0234375 0.023784722222222276
7 0.72265625 0.3486689814814815 0.0234375 0.023784722222222276
3 0.5546875 0.3882667824074074 0.033203125 0.014163773148148096
0 0.498046875 0.3559027777777778 0.0234375 0.023784722222222276
5 0.611328125 0.38547453703703705 0.013671875 0.023640046296296235
1 0.5546875 0.3550636574074074 0.01953125 0.02372685185185186
4 0.666015625 0.3827112268518519 0.033203125 0.014163773148148096
3 0.779296875 0.38103298611111114 0.033203125 0.014163773148148096