4 0.3897135416666667 0.39448784722222224 0.03327546296296302 0.020225694444444442
3 0.4463541666666667 0.3957465277777778 0.03327546296296302 0.020225694444444442
4 0.5557291666666666 0.39817708333333335 0.0313223379629628 0.02018229166666674
3 0.49908854166666666 0.3969184027777778 0.03132233796296291 0.02018229166666674
7 0.6048177083333333 0.36419270833333334 0.025868055555555713 0.023958333333333304
0 0.38411458333333337 0.3592881944444445 0.02586805555555549 0.023958333333333304
8 0.6595052083333333 0.36540798611111114 0.021961805555555713 0.02387152777777768
5 0.6104166666666666 0.3993923611111111 0.022771990740740655 0.03168402777777779
2 0.49544270833333337 0.3617621527777778 0.02586805555555549 0.023958333333333304
5 0.6631510416666666 0.40056423611111114 0.020211226851851727 0.02578125000000009
6 0.5522858796296297 0.36497395833333335 0.026070601851851727 0.025911458333333304
1 0.44075520833333337 0.360546875 0.02586805555555549 0.023958333333333304