3 0.33984375 0.39622395833333335 0.029296875 0.01236979166666674
5 0.291015625 0.4009982638888889 0.01171875 0.025651041666666652
8 0.5703125 0.3447048611111111 0.021484375 0.02586805555555549
4 0.505859375 0.39014756944444445 0.03125 0.016319444444444442
4 0.4453125 0.3907552083333333 0.03125 0.016319444444444442
3 0.390625 0.3934461805555556 0.029296875 0.01627604166666674
6 0.447265625 0.35173611111111114 0.021484375 0.02586805555555549
2 0.390625 0.3563368055555556 0.021484375 0.02196180555555549
0 0.287109375 0.3618489583333333 0.01953125 0.02191840277777768
5 0.5703125 0.3876736111111111 0.01953125 0.02973090277777779
7 0.505859375 0.34717881944444445 0.025390625 0.025954861111111116
1 0.337890625 0.35907118055555554 0.01953125 0.02582465277777779