3 0.4058159722222222 0.3190104166666667 0.05991030092592586 0.029296875
4 0.6460503472222222 0.33502604166666666 0.05991030092592586 0.029296875
4 0.7653935185185186 0.346875 0.05991030092592586 0.029296875
1 0.5251157407407407 0.25494791666666666 0.04108796296296302 0.04166666666666663
5 0.5268084490740741 0.32513020833333334 0.03182870370370372 0.05078125
0 0.4018663194444444 0.24283854166666666 0.04890046296296302 0.04218749999999999
5 0.8823784722222222 0.35078125 0.03172743055555549 0.048828125
3 0.9824652777777778 0.3618489583333333 0.035069444444444375 0.02864583333333326
2 0.6423032407407407 0.26276041666666666 0.04499421296296302 0.04192708333333328
8 0.9867621527777778 0.2900390625 0.02647569444444442 0.041536458333333304
6 0.7614438657407407 0.270703125 0.04108796296296302 0.04166666666666663
7 0.8787326388888889 0.28046875000000004 0.045196759259259256 0.04583333333333339