0 0.010271990740740741 0.1661892361111111 0.01629050925925926 0.04526909722222222
4 0.408203125 0.27265625000000004 0.066869212962963 0.03272569444444451
4 0.5371672453703704 0.2794270833333333 0.06095196759259247 0.02868923611111107
3 0.6621672453703704 0.2822048611111111 0.06290509259259247 0.028732638888888884
3 0.13657407407407407 0.2568576388888889 0.068822337962963 0.03276909722222221
5 0.27335069444444443 0.2638020833333333 0.03599537037037037 0.05742187500000007
2 0.27216435185185184 0.18372395833333333 0.05147569444444444 0.04800347222222223
8 0.6610677083333334 0.2079861111111111 0.04552951388888893 0.042013888888888906
6 0.40698784722222225 0.190625 0.047540509259259345 0.04596354166666672
7 0.5340277777777778 0.19930555555555557 0.045587384259259345 0.045920138888888906
1 0.13532986111111112 0.17287326388888888 0.04756944444444444 0.04791666666666666