3 0.49615162037037036 0.2893952546296297 0.06290509259259258 0.031047453703703765
3 0.24227430555555557 0.2723958333333333 0.06290509259259258 0.031047453703703765
4 0.7480758101851852 0.3062789351851852 0.058940972222222276 0.02690972222222221
2 0.4972800925925926 0.21322337962962962 0.049493634259259234 0.04781539351851849
4 0.8711226851851852 0.31357060185185187 0.058940972222222276 0.02690972222222221
5 0.6231336805555556 0.29496527777777776 0.03587962962962976 0.050911458333333326
1 0.36449652777777775 0.20339988425925926 0.04552951388888893 0.043677662037037046
5 0.36922743055555557 0.2799189814814815 0.03587962962962965 0.050911458333333326
6 0.6300925925925926 0.22109374999999998 0.049493634259259345 0.04781539351851849
0 0.23171296296296295 0.1935763888888889 0.051446759259259234 0.04793113425925927
8 0.8937065972222222 0.24062499999999998 0.055353009259259345 0.048162615740740766
7 0.7648292824074074 0.23103298611111112 0.04955150462962976 0.05172164351851849