3 0.2583333333333333 0.28337673611111114 0.057204861111111116 0.026229745370370372
4 0.7174045138888889 0.2804832175925926 0.055251736111111116 0.026200810185185164
4 0.6060763888888889 0.28213252314814813 0.057204861111111116 0.026229745370370372
3 0.13919270833333333 0.2851417824074074 0.057204861111111116 0.026229745370370372
1 0.25677083333333334 0.2130642361111111 0.03993055555555558 0.03964120370370372
5 0.48880208333333336 0.27996238425925923 0.030295138888888906 0.04535590277777768
5 0.3735243055555556 0.2797164351851852 0.030338541666666607 0.04730902777777779
0 0.13758680555555555 0.2128761574074074 0.04578993055555558 0.039728009259259234
2 0.37200520833333334 0.21135706018518519 0.04188368055555558 0.03967013888888887
7 0.6025607638888889 0.21184895833333334 0.04188368055555558 0.03967013888888887
8 0.7158420138888889 0.2101707175925926 0.04188368055555558 0.03967013888888887
6 0.4891927083333333 0.20962094907407408 0.03993055555555558 0.03964120370370372