4 0.126953125 0.3482204861111111 0.042317708333333315 0.020442708333333393
3 0.45729166666666665 0.33697916666666666 0.04622395833333326 0.020529513888888906
4 0.20703125 0.34644097222222225 0.042317708333333315 0.020442708333333393
3 0.046875 0.35 0.04231770833333334 0.020442708333333393
8 0.46067708333333335 0.28619791666666666 0.03515625 0.030034722222222254
6 0.29466145833333335 0.28988715277777777 0.03125 0.02994791666666674
5 0.2911458333333333 0.34262152777777777 0.025781249999999978 0.035677083333333304
5 0.37330729166666665 0.3388454861111111 0.02213541666666674 0.03949652777777779
7 0.37669270833333335 0.2880642361111111 0.03541666666666665 0.03394097222222214
0 0.04830729166666667 0.2992621527777778 0.03515625 0.030034722222222143
1 0.13059895833333335 0.2935329861111111 0.03125 0.02994791666666663
2 0.21263020833333335 0.29171006944444444 0.03515625 0.030034722222222254