5 0.4952256944444445 0.40555555555555556 0.01859085648148151 0.027604166666666652
8 0.6910445601851851 0.36941550925925926 0.0263310185185186 0.025766782407407374
5 0.3624131944444444 0.40358796296296295 0.0185908564814814 0.027604166666666652
3 0.4288194444444444 0.40457175925925926 0.0395688657407407 0.01425057870370372
4 0.5597511574074074 0.40846354166666665 0.03580729166666652 0.018098958333333304
2 0.4917534722222222 0.36451099537037035 0.0282841435185186 0.025795717592592582
6 0.5601851851851851 0.36747685185185186 0.0263310185185186 0.025766782407407374
3 0.6906105324074074 0.41040219907407405 0.03580729166666652 0.018098958333333304
7 0.6246383101851851 0.36843171296296295 0.0263310185185186 0.025766782407407374
0 0.3589409722222222 0.36254340277777775 0.0282841435185186 0.025795717592592693
1 0.4273003472222222 0.36355613425925926 0.0263310185185186 0.025766782407407374
4 0.6261574074074074 0.40944733796296295 0.03580729166666652 0.018098958333333304
8 0.022569444444444448 0.45125868055555557 0.010923032407407413 0.03139467592592593
8 0.04217303240740741 0.4535011574074074 0.018880208333333343 0.03541666666666665
8 0.08499710648148148 0.4502314814814815 0.010561342592592587 0.02162905092592582
8 0.053530092592592594 0.4439091435185185 0.0261863425925926 0.021860532407407374
8 0.07892071759259259 0.4442853009259259 0.021990740740740755 0.013990162037037068
8 0.023980034722222224 0.4366391782407407 0.01627604166666667 0.017809606481481444
8 0.033998842592592594 0.44361979166666665 0.028356481481481483 0.027748842592592582
8 0.06785300925925926 0.4616898148148148 0.018373842592592587 0.021744791666666652