3 0.39453125 0.353515625 0.041015625 0.01953125
3 0.1484375 0.349609375 0.041015625 0.01953125
4 0.314453125 0.3515625 0.041015625 0.015625
4 0.06640625 0.349609375 0.04296875 0.01953125
6 0.314453125 0.30078125 0.02734375 0.02734375
7 0.39453125 0.3046875 0.02734375 0.02734375
2 0.23046875 0.30078125 0.03125 0.03125
1 0.1484375 0.298828125 0.02734375 0.02734375
5 0.232421875 0.349609375 0.021484375 0.03125
5 0.47265625 0.353515625 0.021484375 0.03125
0 0.064453125 0.296875 0.03515625 0.03125
8 0.47265625 0.3046875 0.02734375 0.02734375