0 0.3689236111111111 0.24496527777777777 0.03862847222222221 0.033072916666666674
1 0.4453125 0.25653935185185184 0.03667534722222221 0.032971643518518556
2 0.5180121527777778 0.2663628472222222 0.037109375 0.036877893518518556
6 0.5924479166666667 0.27803819444444444 0.03342013888888884 0.03862847222222221
7 0.6671006944444444 0.2877604166666667 0.03276909722222232 0.03276909722222221
8 0.7393663194444444 0.30149016203703705 0.033203125 0.03667534722222221
3 0.35611979166666663 0.29029224537037035 0.04383680555555558 0.027517361111111027
3 0.4305555555555556 0.30196759259259254 0.04166666666666674 0.02546296296296302
5 0.5069444444444444 0.31354166666666666 0.02777777777777768 0.040277777777777746
5 0.5796440972222222 0.323365162037037 0.02604166666666674 0.04212962962962963
4 0.6499565972222222 0.33719618055555556 0.04188368055555558 0.02741608796296302
4 0.7204861111111112 0.3490740740740741 0.04405381944444464 0.029470486111111027