3 0.46174768518518516 0.3492476851851852 0.029412615740740833 0.01714409722222221
3 0.5614149305555556 0.3518952546296297 0.025491898148148007 0.014988425925925863
4 0.3445167824074074 0.34946469907407407 0.03331886574074072 0.017346643518518556
4 0.5145399305555556 0.35432581018518516 0.029412615740740833 0.01714409722222221
5 0.40507812499999996 0.3482783564814815 0.01581307870370363 0.026200810185185164
5 0.27609953703703705 0.34519675925925924 0.01974826388888884 0.03030960648148151
1 0.3422453703703704 0.3065972222222222 0.023611111111111027 0.024652777777777857
2 0.40283564814814815 0.30931712962962965 0.023611111111111138 0.024652777777777857
0 0.2757957175925926 0.3041811342592593 0.02557870370370363 0.026707175925925863
7 0.5122829861111111 0.31341145833333334 0.019704861111111027 0.02445023148148151
8 0.5611689814814815 0.3186921296296296 0.01970486111111125 0.02445023148148151
6 0.4614872685185185 0.3140914351851852 0.023611111111111138 0.024652777777777746