4 0.83203125 0.25 0.068359375 0.03125
2 0.560546875 0.18359375 0.046875 0.04296875
3 0.435546875 0.26953125 0.06640625 0.02734375
5 0.55859375 0.26171875 0.03125 0.05078125
3 0.96875 0.244140625 0.0625 0.03125
0 0.31640625 0.201171875 0.041015625 0.041015625
4 0.69140625 0.255859375 0.06640625 0.03125
5 0.31640625 0.275390625 0.02734375 0.05078125
1 0.435546875 0.193359375 0.041015625 0.04296875
6 0.69140625 0.17578125 0.046875 0.041015625
7 0.83203125 0.16796875 0.05078125 0.046875
8 0.9765625 0.158203125 0.046875 0.046875