4 0.5341579861111111 0.2231915509259259 0.06504629629629632 0.034490740740740766
4 0.6648582175925926 0.218359375 0.060821759259259256 0.030381944444444475
3 0.27064525462962963 0.2349103009259259 0.07254050925925926 0.030989583333333348
2 0.2773292824074074 0.1528790509259259 0.05248842592592595 0.04745370370370372
1 0.1445167824074074 0.15976562500000002 0.04858217592592595 0.047251157407407374
6 0.4117766203703704 0.1497974537037037 0.04858217592592595 0.04725115740740743
5 0.13799189814814816 0.23984375 0.03554687499999998 0.05435474537037038
5 0.40345775462962963 0.22802372685185185 0.03961226851851851 0.056510416666666674
3 0.017874710648148148 0.2466290509259259 0.035749421296296297 0.034085648148148184
7 0.5406828703703703 0.1431134259259259 0.04858217592592595 0.047251157407407374
0 0.017708333333333333 0.16382378472222223 0.035416666666666666 0.05125868055555555
8 0.6713831018518519 0.13828125 0.048263888888888884 0.04334490740740743