3 0.701171875 0.24605034722222222 0.05859375 0.028645833333333315
4 0.32421875 0.23376736111111113 0.0625 0.028732638888888884
5 0.57421875 0.24127604166666666 0.03125 0.05342881944444444
1 0.193359375 0.15468749999999998 0.044921875 0.042013888888888906
2 0.32421875 0.15759548611111113 0.044921875 0.042013888888888906
0 0.064453125 0.14791666666666667 0.044921875 0.042013888888888906
4 0.451171875 0.23854166666666665 0.0625 0.032638888888888884
5 0.193359375 0.22890624999999998 0.03125 0.05342881944444444
3 0.06640625 0.22803819444444445 0.0625 0.028732638888888884
6 0.44921875 0.1603732638888889 0.044921875 0.042013888888888906
7 0.57421875 0.16315104166666666 0.044921875 0.045920138888888906
8 0.701171875 0.16792534722222224 0.044921875 0.042013888888888906