0 0.45782696759259256 0.3695023148148148 0.02741608796296302 0.02828414351851849
1 0.5179398148148149 0.36588541666666663 0.02756076388888884 0.0302372685185186
2 0.580005787037037 0.3623408564814815 0.02965856481481488 0.0322627314814814
6 0.6459780092592593 0.3589409722222222 0.02770543981481488 0.0321903935185186
7 0.7179542824074074 0.35771122685185186 0.03146701388888884 0.03038194444444442
8 0.7955005787037037 0.35279224537037035 0.03161168981481488 0.03233506944444442
4 0.46072048611111116 0.4085648148148148 0.0366030092592593 0.02083333333333337
3 0.5211226851851851 0.4088541666666667 0.03855613425925908 0.02090567129629628
5 0.5830439814814815 0.4033564814814815 0.02423321759259256 0.03790509259259256
4 0.6512586805555556 0.40393518518518523 0.03674768518518512 0.02278645833333326
3 0.7212818287037037 0.40263310185185186 0.04275173611111116 0.02495659722222221
5 0.7970196759259259 0.39959490740740744 0.02799479166666674 0.0360966435185186