4 0.7109375 0.361328125 0.041015625 0.015625
6 0.708984375 0.31640625 0.025390625 0.025390625
3 0.560546875 0.359375 0.041015625 0.01953125
1 0.560546875 0.3125 0.02734375 0.025390625
5 0.85546875 0.36328125 0.01953125 0.03125
3 0.78515625 0.36328125 0.037109375 0.01953125
4 0.484375 0.359375 0.037109375 0.01953125
5 0.63671875 0.359375 0.021484375 0.03125
7 0.783203125 0.314453125 0.02734375 0.02734375
2 0.63671875 0.3125 0.02734375 0.03125
0 0.482421875 0.310546875 0.02734375 0.02734375
8 0.85546875 0.31640625 0.025390625 0.02734375