3 0.27934027777777776 0.36875 0.04730902777777779 0.022656250000000044
4 0.19340277777777778 0.36302083333333335 0.04340277777777779 0.022395833333333393
4 0.451171875 0.38216145833333337 0.04335937499999998 0.020442708333333393
6 0.45039062500000004 0.329296875 0.02795138888888893 0.029166666666666674
3 0.5331597222222222 0.38958333333333334 0.04340277777777768 0.02239583333333328
1 0.28242187500000004 0.31809895833333335 0.02994791666666674 0.03125
2 0.36640625000000004 0.3236979166666667 0.03385416666666674 0.03151041666666665
0 0.19266493055555556 0.308203125 0.033854166666666685 0.03151041666666665
5 0.6151909722222222 0.3950520833333333 0.020269097222222143 0.03450520833333326
7 0.5323784722222222 0.33671875 0.02799479166666674 0.031119791666666674
5 0.3633246527777778 0.3743489583333333 0.024175347222222143 0.03476562500000002
8 0.6183159722222222 0.3424479166666667 0.02994791666666674 0.03125