3 0.341796875 0.38671875 0.02734375 0.01171875
5 0.29296875 0.392578125 0.01171875 0.025390625
8 0.5703125 0.33203125 0.021484375 0.025390625
4 0.505859375 0.376953125 0.03125 0.015625
4 0.447265625 0.37890625 0.03125 0.015625
3 0.392578125 0.3828125 0.02734375 0.015625
6 0.44921875 0.33984375 0.021484375 0.025390625
2 0.392578125 0.345703125 0.021484375 0.021484375
0 0.291015625 0.35546875 0.01953125 0.021484375
5 0.568359375 0.373046875 0.01953125 0.02734375
7 0.505859375 0.333984375 0.025390625 0.025390625
1 0.33984375 0.349609375 0.01953125 0.025390625