3 0.19328703703703703 0.2662037037037037 0.06073495370370369 0.02763310185185186
0 0.19186921296296294 0.19401041666666666 0.043272569444444464 0.042607060185185175
1 0.3129340277777778 0.19343171296296297 0.03935185185185186 0.040509259259259245
4 0.4296006944444445 0.2594039351851852 0.05881076388888884 0.03146701388888895
4 0.5467881944444444 0.25506365740740744 0.05881076388888884 0.03146701388888884
5 0.6620225694444444 0.2507957175925926 0.03356481481481488 0.05005787037037035
5 0.3104890046296296 0.25991030092592593 0.03356481481481488 0.05005787037037035
3 0.7772280092592593 0.2504340277777778 0.060749421296296235 0.02958622685185186
6 0.5453703703703704 0.18287037037037035 0.04130497685185186 0.04058159722222221
2 0.4281828703703704 0.18721064814814814 0.04130497685185186 0.04058159722222221
8 0.7758246527777778 0.17628761574074076 0.03935185185185186 0.0405092592592593
7 0.6606047453703704 0.17860243055555555 0.041319444444444464 0.04253472222222221