0 0.023654513888888888 0.3619068287037037 0.025954861111111116 0.0263310185185186
1 0.07465277777777778 0.37355324074074076 0.02005208333333333 0.02416087962962965
2 0.11775173611111112 0.38100405092592593 0.018098958333333304 0.02408854166666663
6 0.15894097222222223 0.39033564814814814 0.01410590277777779 0.0200376157407407
7 0.19418402777777777 0.3955439814814815 0.018055555555555602 0.02213541666666674
8 0.22751736111111112 0.40263310185185186 0.018055555555555547 0.02213541666666663
5 0.026388888888888892 0.3971354166666667 0.012326388888888887 0.02777777777777779
4 0.07339409722222223 0.4047309027777778 0.025694444444444464 0.01461226851851849
3 0.11840277777777777 0.41030092592592593 0.018142361111111116 0.02604166666666663
3 0.1575954861111111 0.4176070601851852 0.02378472222222222 0.01649305555555558
4 0.19483506944444445 0.4248408564814815 0.02573784722222222 0.0165653935185186
3 0.22812500000000002 0.42997685185185186 0.017881944444444464 0.01432291666666663
0 0.9565104166666667 0.45109953703703703 0.01801215277777768 0.02018229166666663
1 0.9922960069444444 0.45052083333333337 0.01540798611111116 0.01822916666666674