3 0.287109375 0.353515625 0.04296875 0.01953125
4 0.20703125 0.353515625 0.041015625 0.01953125
4 0.44921875 0.35546875 0.041015625 0.015625
6 0.447265625 0.306640625 0.025390625 0.025390625
3 0.52734375 0.35546875 0.041015625 0.01953125
1 0.2890625 0.3046875 0.02734375 0.02734375
2 0.369140625 0.3046875 0.03125 0.02734375
0 0.20703125 0.30078125 0.03125 0.02734375
5 0.603515625 0.35546875 0.01953125 0.03125
7 0.525390625 0.30859375 0.025390625 0.02734375
5 0.3671875 0.353515625 0.021484375 0.03125
8 0.60546875 0.30859375 0.02734375 0.02734375