4 0.427734375 0.33203125 0.04296875 0.021484375
3 0.513671875 0.330078125 0.046875 0.021484375
4 0.810546875 0.3125 0.052734375 0.025390625
3 0.70703125 0.3203125 0.052734375 0.021484375
1 0.427734375 0.27734375 0.03125 0.03125
0 0.34375 0.28515625 0.03125 0.03125
2 0.515625 0.271484375 0.03125 0.03125
7 0.70703125 0.2578125 0.037109375 0.03515625
5 0.607421875 0.322265625 0.021484375 0.037109375
6 0.607421875 0.265625 0.03515625 0.03125
5 0.345703125 0.3359375 0.021484375 0.03515625
8 0.810546875 0.25 0.041015625 0.037109375