3 0.2201244212962963 0.2891927083333333 0.06009837962962966 0.029296875
4 0.8078993055555556 0.33033854166666665 0.06009837962962972 0.029296875
4 0.6946180555555556 0.3227864583333333 0.06009837962962972 0.029296875
3 0.3392650462962963 0.29713541666666665 0.06400462962962972 0.029557291666666652
5 0.4603587962962963 0.3052083333333333 0.031958912037037046 0.046875
0 0.22452256944444443 0.21497395833333333 0.047468171296296324 0.04596354166666666
1 0.3455005787037037 0.225 0.04137731481481477 0.041666666666666685
5 0.5755931712962963 0.312890625 0.031958912037036935 0.046875
2 0.4646412037037037 0.23294270833333333 0.04528356481481477 0.04192708333333334
7 0.6968315972222222 0.25234375 0.04528356481481488 0.04192708333333339
8 0.8140190972222222 0.26015625 0.04528356481481488 0.04192708333333339
6 0.5798755787037038 0.240625 0.03747106481481488 0.04140625000000003