0 0.004495804398148147 0.2776909722222222 0.008991608796296294 0.035792824074074026
4 0.005367476851851851 0.3334129050925926 0.010734953703703701 0.026200810185185164
3 0.08178530092592592 0.3467013888888889 0.05209780092592592 0.026895254629629717
1 0.08647280092592592 0.2940248842592592 0.03708043981481482 0.03815104166666661
2 0.17385706018518518 0.30639467592592595 0.0368778935185185 0.03424479166666661
5 0.17122395833333331 0.35717592592592595 0.025564236111111138 0.04171006944444455
6 0.2553819444444444 0.31859085648148144 0.029065393518518556 0.034013310185185164
4 0.25285011574074073 0.36741898148148144 0.040277777777777746 0.02459490740740744
7 0.3290943287037037 0.33055555555555555 0.03287037037037033 0.032175925925925886
3 0.3267650462962963 0.37547743055555555 0.03832465277777786 0.024537037037037024
8 0.3950954861111111 0.34033564814814815 0.031018518518518556 0.03407118055555558
5 0.39296875 0.38135127314814815 0.02350983796296302 0.039699074074074026