7 0.748046875 0.27734375 0.03515625 0.03515625
3 0.498046875 0.353515625 0.041015625 0.01953125
4 0.4296875 0.35546875 0.03515625 0.01953125
4 0.66015625 0.33984375 0.04296875 0.021484375
6 0.658203125 0.28515625 0.02734375 0.03125
3 0.75 0.33203125 0.05078125 0.021484375
5 0.845703125 0.32421875 0.02734375 0.041015625
5 0.576171875 0.34765625 0.021484375 0.037109375
2 0.57421875 0.29296875 0.03125 0.03125
1 0.5 0.30078125 0.025390625 0.02734375
8 0.84765625 0.267578125 0.037109375 0.03515625
0 0.427734375 0.30859375 0.025390625 0.03125