3 0.7080150462962963 0.2793113425925926 0.053038194444444464 0.026070601851851838
6 0.5016493055555555 0.21542245370370372 0.040306712962963065 0.03512731481481479
4 0.6121238425925926 0.28232060185185187 0.053038194444444464 0.026070601851851838
2 0.3897569444444444 0.21533564814814815 0.04282407407407418 0.041087962962962965
4 0.5062789351851852 0.28388310185185184 0.054991319444444464 0.026171874999999956
3 0.28249421296296295 0.2837094907407407 0.06317997685185184 0.03048321759259265
5 0.3981047453703703 0.281640625 0.03381076388888893 0.04839409722222232
0 0.15406539351851853 0.21381655092592594 0.05063657407407407 0.0414930555555556
1 0.2757233796296296 0.21339699074074073 0.04282407407407407 0.041087962962962965
7 0.6057291666666667 0.21591435185185187 0.04068287037037033 0.03903356481481479
5 0.15888310185185184 0.28423032407407406 0.03381076388888893 0.04839409722222221
8 0.7041377314814814 0.21866319444444443 0.036400462962963065 0.034924768518518556