0 0.08172743055555556 0.16500289351851852 0.053732638888888906 0.046875
1 0.21258680555555554 0.16984953703703703 0.049826388888888906 0.04673032407407407
2 0.33953993055555554 0.17455150462962965 0.045920138888888795 0.04658564814814814
6 0.46458333333333335 0.18113425925925924 0.04583333333333339 0.04267939814814814
7 0.5895833333333333 0.1857638888888889 0.04592013888888902 0.04658564814814814
8 0.7146267361111112 0.19234664351851852 0.04583333333333339 0.04267939814814814
3 0.08541666666666667 0.24320023148148148 0.06310763888888887 0.029658564814814825
4 0.21236979166666667 0.24790219907407407 0.06701388888888887 0.0298032407407407
5 0.3412760416666667 0.25267650462962965 0.03233506944444442 0.04998553240740744
5 0.4662760416666667 0.25730613425925924 0.03233506944444442 0.04998553240740744
3 0.5913194444444445 0.2638888888888889 0.06310763888888893 0.02965856481481477
4 0.7143663194444445 0.2684461805555556 0.06310763888888893 0.02965856481481488