3 0.7339988425925925 0.38411458333333337 0.04260706018518512 0.019835069444444464
3 0.48758680555555556 0.3783854166666667 0.04456018518518512 0.01984953703703707
4 0.40360243055555556 0.37776331018518516 0.04456018518518512 0.01984953703703707
6 0.6478298611111111 0.33272569444444444 0.029571759259259256 0.027546296296296346
1 0.4834490740740741 0.3276041666666667 0.033478009259259256 0.027575231481481444
5 0.8140769675925925 0.38470775462962964 0.02223668981481497 0.03334780092592593
2 0.5675925925925926 0.3301793981481481 0.0357494212962961 0.03149594907407405
4 0.6500144675925925 0.38349247685185184 0.04456018518518512 0.01984953703703707
5 0.5715711805555556 0.3790075231481482 0.022236689814814747 0.03334780092592593
0 0.3973524305555556 0.32501446759259256 0.035749421296296324 0.03149594907407405
7 0.7297019675925926 0.33138020833333337 0.0357494212962961 0.03149594907407405
8 0.8100983796296296 0.3358796296296296 0.029890046296296324 0.031452546296296235