3 0.44460358796296295 0.41202256944444443 0.027473958333333326 0.018793402777777746
3 0.49149305555555556 0.4118923611111111 0.029427083333333437 0.01888020833333337
5 0.5344618055555556 0.40998263888888886 0.01776620370370363 0.026171874999999956
5 0.5774305555555556 0.4080729166666667 0.017751736111111027 0.024218749999999956
4 0.6223524305555556 0.40607638888888886 0.025506365740740833 0.016753472222222232
4 0.6653211805555556 0.4041666666666667 0.027473958333333437 0.018793402777777746
0 0.44636863425925927 0.38654513888888886 0.027517361111111138 0.024652777777777857
1 0.49127604166666666 0.3825954861111111 0.021643518518518534 0.022439236111111094
2 0.5322916666666666 0.3807725694444445 0.023596643518518423 0.022526041666666607
6 0.5791666666666666 0.3786892361111111 0.019690393518518423 0.02235243055555558
7 0.6221354166666666 0.37677951388888886 0.01970486111111125 0.02430555555555558
8 0.6651186342592592 0.3768229166666667 0.01970486111111125 0.02430555555555558