7 0.4659288194444444 0.3078125 0.03327546296296302 0.029427083333333326
1 0.20059317129629628 0.28619791666666666 0.03356481481481477 0.033333333333333326
3 0.19458912037037035 0.34075520833333334 0.05041956018518523 0.02473958333333337
0 0.10669849537037038 0.28190104166666663 0.041377314814814825 0.03385416666666674
2 0.28833912037037035 0.29401041666666666 0.03356481481481488 0.033333333333333326
6 0.3799913194444444 0.3020833333333333 0.03356481481481488 0.033333333333333326
5 0.5478153935185186 0.36822916666666666 0.0263310185185186 0.04062500000000002
5 0.2842881944444444 0.34869791666666666 0.0263310185185186 0.04062500000000002
4 0.37427662037037035 0.35273437500000004 0.04651331018518512 0.024479166666666607
3 0.4600694444444444 0.36041666666666666 0.05447048611111116 0.026953125000000022
4 0.1048900462962963 0.33281249999999996 0.05013020833333334 0.02083333333333326
8 0.5499131944444444 0.31341145833333334 0.03356481481481488 0.033333333333333326