0 0.22643229166666667 0.3673032407407407 0.028168402777777768 0.03200231481481475
1 0.2869791666666667 0.36550925925925926 0.02586805555555549 0.028038194444444442
2 0.34344618055555554 0.3657841435185185 0.02782118055555549 0.028096064814814747
6 0.40008680555555554 0.36410590277777777 0.025520833333333326 0.024131944444444442
7 0.45672743055555554 0.362427662037037 0.025520833333333326 0.024131944444444442
8 0.5131944444444445 0.3627025462962963 0.023567708333333215 0.024074074074074137
4 0.22526041666666666 0.4024016203703704 0.032638888888888884 0.016550925925925997
3 0.28368055555555555 0.40261863425925926 0.034592013888888884 0.016608796296296302
3 0.34032118055555555 0.4009403935185185 0.034592013888888884 0.016608796296296302
4 0.39891493055555555 0.3992042824074074 0.036545138888888884 0.01666666666666672
5 0.45555555555555555 0.39752604166666666 0.02018229166666663 0.029817708333333304
5 0.5082899305555556 0.3959635416666667 0.020355902777777768 0.031770833333333304