3 0.12109375 0.30299479166666665 0.064453125 0.03164062499999998
4 0.494140625 0.33177083333333335 0.060546875 0.031380208333333326
4 0.611328125 0.33958333333333335 0.060546875 0.031380208333333326
3 0.013671875 0.29583333333333334 0.02734375 0.029166666666666674
5 0.244140625 0.3092447916666667 0.03125 0.052864583333333326
5 0.369140625 0.31953125 0.03125 0.048958333333333326
2 0.244140625 0.23697916666666666 0.041015625 0.04375000000000001
1 0.12109375 0.22877604166666665 0.044921875 0.04401041666666672
6 0.369140625 0.2453125 0.044921875 0.04401041666666672
0 0.0078125 0.21634114583333333 0.015625 0.04205729166666666
7 0.4921875 0.257421875 0.044921875 0.04401041666666661
8 0.61328125 0.2654947916666667 0.044921875 0.04401041666666661