0 0.03515625 0.369140625 0.017578125 0.0234375
1 0.080078125 0.375 0.017578125 0.0234375
2 0.12109375 0.3828125 0.021484375 0.0234375
6 0.158203125 0.388671875 0.01953125 0.01953125
7 0.193359375 0.392578125 0.017578125 0.0234375
8 0.2265625 0.3984375 0.017578125 0.0234375
5 0.03515625 0.40234375 0.017578125 0.0234375
4 0.080078125 0.408203125 0.021484375 0.015625
5 0.12109375 0.41015625 0.01953125 0.0234375
3 0.158203125 0.4140625 0.0234375 0.013671875
4 0.193359375 0.419921875 0.01953125 0.013671875
3 0.2265625 0.423828125 0.01953125 0.013671875
0 0.927734375 0.416015625 0.017578125 0.017578125
1 0.96484375 0.416015625 0.017578125 0.0234375
3 0.9296875 0.439453125 0.017578125 0.013671875
3 0.96484375 0.435546875 0.0234375 0.01171875