4 0.7421875 0.29296875 0.046875 0.025390625
3 0.27734375 0.26171875 0.06640625 0.02734375
5 0.408203125 0.267578125 0.03515625 0.052734375
4 0.640625 0.28515625 0.056640625 0.02734375
5 0.52734375 0.27734375 0.02734375 0.05078125
3 0.138671875 0.251953125 0.072265625 0.02734375
0 0.13671875 0.16796875 0.052734375 0.04296875
2 0.40625 0.193359375 0.04296875 0.04296875
6 0.52734375 0.205078125 0.037109375 0.041015625
7 0.63671875 0.21484375 0.037109375 0.041015625
8 0.7421875 0.224609375 0.03515625 0.037109375
1 0.27734375 0.181640625 0.04296875 0.04296875