8 0.6713252314814815 0.36493055555555554 0.022598379629629628 0.02196180555555549
4 0.6088541666666667 0.40069444444444446 0.037919560185185164 0.016449652777777768
6 0.5521846064814815 0.3622829861111111 0.022598379629629628 0.02196180555555549
7 0.6108796296296296 0.36163194444444446 0.026707175925925863 0.025954861111111116
3 0.3666666666666667 0.3953125 0.03185763888888893 0.012413194444444442
0 0.3667390046296296 0.35620659722222225 0.022800925925925863 0.02586805555555549
1 0.4292390046296296 0.35759548611111114 0.022800925925925863 0.02586805555555549
4 0.6694010416666667 0.40203993055555554 0.028153935185185164 0.01623263888888893
3 0.4272135416666667 0.39665798611111114 0.03576388888888893 0.012499999999999956
2 0.4878327546296296 0.35889756944444445 0.026707175925925863 0.025954861111111116
5 0.5483072916666667 0.39934895833333334 0.020847800925925863 0.02582465277777779
5 0.4877604166666667 0.3980034722222222 0.016941550925925863 0.025737847222222276