4 0.3541377314814815 0.40784143518518523 0.034707754629629606 0.0180844907407407
3 0.4686197916666667 0.42418981481481477 0.030613425925925863 0.01584201388888884
4 0.5190248842592593 0.4318576388888889 0.028660300925925863 0.01569733796296291
5 0.4125434027777778 0.41413483796296297 0.01844618055555558 0.03045428240740744
3 0.5657118055555556 0.43728298611111116 0.028660300925925863 0.01569733796296302
1 0.360228587962963 0.36501736111111116 0.025694444444444464 0.02517361111111116
2 0.4161168981481481 0.377025462962963 0.02607060185185195 0.02907986111111116
5 0.2904369212962963 0.39525462962962965 0.01844618055555558 0.03045428240740744
6 0.47042824074074074 0.3849826388888889 0.021788194444444464 0.0248842592592593
0 0.2943865740740741 0.35423900462962965 0.02607060185185195 0.02907986111111116
7 0.5208333333333334 0.392650462962963 0.025694444444444464 0.02517361111111116
8 0.5689091435185185 0.40407986111111116 0.021788194444444464 0.0248842592592593