3 0.43974247685185186 0.34639756944444444 0.04940682870370372 0.01815682870370372
4 0.8127893518518519 0.36574074074074076 0.04940682870370372 0.01815682870370372
4 0.9007523148148149 0.37225115740740744 0.04550057870370372 0.017954282407407485
3 0.6252893518518519 0.3560185185185185 0.04550057870370372 0.017954282407407485
5 0.5314670138888888 0.3492042824074074 0.02662037037037024 0.03451967592592586
5 0.7170138888888888 0.3588252314814815 0.02662037037037024 0.03451967592592586
2 0.6198640046296295 0.3148003472222222 0.0360966435185186 0.027213541666666674
7 0.7957175925925926 0.32586805555555554 0.03407118055555558 0.025159143518518556
8 0.8894675925925926 0.3307291666666667 0.0360966435185186 0.027213541666666674
0 0.43822337962962965 0.30538194444444444 0.0360966435185186 0.027213541666666674
1 0.5300202546296295 0.3101417824074074 0.0400028935185186 0.02741608796296302
6 0.7077546296296295 0.3193576388888889 0.0341435185185186 0.027112268518518556