0 0.32390046296296293 0.28972800925925923 0.04133391203703707 0.04509548611111103
1 0.40594618055555554 0.28352141203703707 0.03736979166666665 0.03708043981481479
2 0.48407118055555554 0.27947048611111114 0.03735532407407405 0.03512731481481479
6 0.5641348379629629 0.27727141203703703 0.03344907407407405 0.034924768518518556
7 0.6442129629629629 0.27311921296296293 0.03735532407407405 0.03512731481481479
8 0.7242766203703703 0.2709201388888889 0.033478009259259256 0.038831018518518556
3 0.32355324074074077 0.33660300925925923 0.04315682870370363 0.027618634259259256
3 0.40363136574074077 0.3324508101851852 0.04314236111111103 0.025665509259259256
5 0.48567708333333337 0.32624421296296297 0.025694444444444464 0.042332175925925974
5 0.5637876157407408 0.32414641203703703 0.025694444444444464 0.042332175925925974
4 0.6438512731481482 0.32194733796296293 0.045124421296296235 0.029673032407407485
4 0.7219762731481482 0.317896412037037 0.04315682870370363 0.027618634259259256