7 0.671875 0.333984375 0.025390625 0.025390625
1 0.46875 0.3359375 0.025390625 0.02734375
4 0.3984375 0.375 0.03515625 0.015625
5 0.671875 0.375 0.01953125 0.03125
3 0.46875 0.376953125 0.03515625 0.015625
0 0.3984375 0.333984375 0.02734375 0.025390625
4 0.60546875 0.376953125 0.03515625 0.015625
5 0.73828125 0.375 0.01953125 0.03125
3 0.53515625 0.375 0.037109375 0.015625
2 0.537109375 0.333984375 0.04296875 0.03515625
6 0.6015625 0.33203125 0.033203125 0.037109375
8 0.73828125 0.333984375 0.02734375 0.0390625