3 0.3352864583333333 0.42063078703703705 0.026085069444444442 0.016377314814814747
3 0.3822482638888889 0.42006655092592593 0.029991319444444442 0.01649305555555558
4 0.4900173611111111 0.4154369212962963 0.029991319444444442 0.01649305555555558
4 0.437109375 0.41778067129629626 0.029991319444444442 0.01649305555555558
5 0.28637152777777775 0.42113715277777775 0.016753472222222232 0.025853587962962887
5 0.5486979166666667 0.41521990740740744 0.01692708333333326 0.029759837962962887
6 0.43875868055555556 0.3806712962962963 0.020659722222222232 0.02596932870370372
2 0.3838975694444444 0.38295717592592593 0.024479166666666607 0.024131944444444442
1 0.3368489583333333 0.38547453703703705 0.020572916666666607 0.02401620370370372
8 0.5504340277777777 0.3761574074074074 0.024479166666666607 0.024131944444444442
7 0.4937065972222222 0.3764322916666667 0.020572916666666607 0.02401620370370372
0 0.28784722222222225 0.38793402777777775 0.020572916666666607 0.02401620370370372