4 0.294921875 0.3885416666666667 0.02734375 0.013541666666666674
3 0.498046875 0.375 0.02734375 0.013541666666666674
4 0.34375 0.38528645833333336 0.02734375 0.013541666666666674
3 0.23828125 0.39231770833333335 0.025390625 0.013411458333333348
8 0.498046875 0.341796875 0.021484375 0.022916666666666696
0 0.2421875 0.3608072916666667 0.01953125 0.02083333333333326
7 0.447265625 0.3451822916666667 0.01953125 0.02278645833333326
5 0.39453125 0.3819010416666667 0.015625 0.026432291666666607
6 0.39453125 0.34869791666666666 0.021484375 0.022916666666666696
5 0.4453125 0.378515625 0.015625 0.026432291666666607
1 0.294921875 0.3572916666666667 0.025390625 0.029036458333333348
1 0.345703125 0.35390625 0.0234375 0.02890624999999991