3 0.458984375 0.29296875 0.056640625 0.025390625
4 0.5703125 0.30078125 0.052734375 0.025390625
4 0.23046875 0.28515625 0.05859375 0.02734375
5 0.34765625 0.2890625 0.02734375 0.046875
3 0.673828125 0.302734375 0.052734375 0.025390625
5 0.10546875 0.27734375 0.03515625 0.05078125
6 0.4609375 0.224609375 0.041015625 0.037109375
2 0.34765625 0.21875 0.041015625 0.037109375
0 0.10546875 0.20703125 0.046875 0.041015625
8 0.67578125 0.23828125 0.037109375 0.037109375
1 0.23046875 0.21484375 0.041015625 0.041015625
7 0.5703125 0.23046875 0.041015625 0.037109375