1 0.21987847222222223 0.21585648148148148 0.04466145833333335 0.04253472222222221
4 0.6973090277777778 0.3119212962962963 0.056944444444444464 0.02741608796296302
2 0.3427517361111111 0.22236689814814814 0.04448784722222221 0.04058159722222221
3 0.336328125 0.29463252314814814 0.06280381944444446 0.02763310185185186
4 0.5781684027777778 0.3075086805555556 0.060850694444444464 0.02756076388888884
3 0.08828125 0.28544560185185186 0.06315104166666669 0.03153935185185186
5 0.45546875 0.2990451388888889 0.03576388888888893 0.05193865740740744
6 0.4638454861111111 0.22685185185185186 0.04466145833333335 0.04253472222222221
5 0.21132812499999998 0.2900028935185185 0.03559027777777779 0.04998553240740744
7 0.584765625 0.23328993055555558 0.04839409722222232 0.04072627314814814
0 0.09505208333333334 0.20927372685185186 0.05282118055555557 0.04673032407407407
8 0.70390625 0.2377025462962963 0.04448784722222232 0.040581597222222265