3 0.642578125 0.310546875 0.052734375 0.021484375
4 0.439453125 0.302734375 0.052734375 0.025390625
4 0.73828125 0.31640625 0.046875 0.025390625
5 0.54296875 0.306640625 0.025390625 0.04296875
3 0.83203125 0.318359375 0.046875 0.025390625
2 0.54296875 0.244140625 0.037109375 0.037109375
5 0.330078125 0.298828125 0.02734375 0.046875
0 0.330078125 0.234375 0.041015625 0.037109375
6 0.642578125 0.248046875 0.03515625 0.03515625
1 0.439453125 0.23828125 0.03515625 0.03515625
8 0.83203125 0.2578125 0.03515625 0.03515625
7 0.73828125 0.25390625 0.03515625 0.03515625