5 0.482421875 0.2818142361111111 0.030468750000000044 0.04748263888888893
4 0.2559895833333333 0.28489583333333335 0.06223958333333335 0.02673611111111107
3 0.5975260416666667 0.28120659722222224 0.05833333333333335 0.026649305555555558
2 0.25859375 0.2165798611111111 0.039583333333333304 0.03793402777777777
4 0.37109375 0.2842881944444444 0.058463541666666674 0.028602430555555558
0 0.02643229166666667 0.21783854166666666 0.04739583333333333 0.038107638888888906
5 0.13880208333333333 0.2875 0.030468750000000044 0.04748263888888893
1 0.143359375 0.219140625 0.043489583333333304 0.03802083333333334
3 0.02734375 0.2900607638888889 0.0546875 0.02673611111111107
6 0.373828125 0.21401909722222223 0.043489583333333304 0.03802083333333334
7 0.4869791666666667 0.21345486111111112 0.04375000000000007 0.04192708333333334
8 0.6001302083333333 0.212890625 0.043489583333333304 0.03802083333333334