3 0.322265625 0.431640625 0.01953125 0.01171875
3 0.46484375 0.43359375 0.01953125 0.009765625
4 0.396484375 0.431640625 0.01953125 0.01171875
4 0.431640625 0.43359375 0.01953125 0.009765625
7 0.431640625 0.41015625 0.01171875 0.015625
1 0.322265625 0.408203125 0.01953125 0.015625
6 0.39453125 0.41015625 0.015625 0.015625
2 0.357421875 0.41015625 0.015625 0.01953125
0 0.283203125 0.408203125 0.015625 0.015625
8 0.466796875 0.41015625 0.015625 0.015625
5 0.28515625 0.427734375 0.01171875 0.01953125
5 0.359375 0.431640625 0.01171875 0.01953125
5 0.052734375 0.451171875 0.01953125 0.02734375
5 0.025390625 0.44921875 0.01171875 0.025390625
5 0.09375 0.47265625 0.01953125 0.01171875
5 0.0078125 0.44921875 0.015625 0.02734375
8 0.013671875 0.44140625 0.021484375 0.01953125
5 0.044921875 0.443359375 0.015625 0.01953125
3 0.03515625 0.45703125 0.021484375 0.01953125
5 0.072265625 0.47265625 0.01171875 0.01171875