0 0.32421875 0.30859375 0.033203125 0.03125
1 0.408203125 0.306640625 0.033203125 0.03125
3 0.326171875 0.353515625 0.0390625 0.01953125
3 0.40625 0.35546875 0.041015625 0.021484375
2 0.484375 0.306640625 0.03125 0.033203125
5 0.484375 0.35546875 0.021484375 0.037109375
5 0.564453125 0.35546875 0.0234375 0.037109375
6 0.5625 0.306640625 0.02734375 0.02734375
6 0.642578125 0.30859375 0.02734375 0.03125
4 0.642578125 0.357421875 0.041015625 0.0234375
8 0.720703125 0.30859375 0.029296875 0.033203125
4 0.71875 0.357421875 0.0390625 0.021484375