3 0.482421875 0.361328125 0.041015625 0.015625
3 0.86328125 0.359375 0.041015625 0.01953125
4 0.634765625 0.361328125 0.037109375 0.015625
4 0.55859375 0.361328125 0.037109375 0.015625
1 0.560546875 0.31640625 0.02734375 0.025390625
5 0.7109375 0.361328125 0.021484375 0.03515625
8 0.86328125 0.3125 0.02734375 0.025390625
6 0.7109375 0.314453125 0.02734375 0.02734375
7 0.7890625 0.310546875 0.02734375 0.02734375
0 0.484375 0.31640625 0.03125 0.025390625
5 0.787109375 0.361328125 0.01953125 0.03515625
2 0.63671875 0.314453125 0.02734375 0.02734375