4 0.69921875 0.36328125 0.037109375 0.01953125
3 0.84765625 0.36328125 0.037109375 0.015625
4 0.775390625 0.36328125 0.037109375 0.015625
3 0.552734375 0.36328125 0.037109375 0.01953125
7 0.7734375 0.318359375 0.02734375 0.025390625
5 0.478515625 0.36328125 0.01953125 0.03125
5 0.626953125 0.36328125 0.021484375 0.03125
8 0.84765625 0.318359375 0.02734375 0.025390625
6 0.69921875 0.318359375 0.025390625 0.025390625
2 0.626953125 0.31640625 0.02734375 0.02734375
0 0.4765625 0.31640625 0.02734375 0.02734375
1 0.552734375 0.31640625 0.025390625 0.02734375
2 0.09375 0.423828125 0.01171875 0.015625
8 0.140625 0.427734375 0.01171875 0.01171875
5 0.068359375 0.419921875 0.01171875 0.015625
5 0.140625 0.443359375 0.01171875 0.01953125
8 0.181640625 0.431640625 0.01171875 0.01953125
3 0.1640625 0.447265625 0.015625 0.01171875
5 0.1171875 0.43359375 0.015625 0.03515625
8 0.162109375 0.4296875 0.01171875 0.015625
0 0.0703125 0.4375 0.009765625 0.01953125
8 0.02734375 0.458984375 0.01953125 0.01171875
3 0.228515625 0.46875 0.01953125 0.01171875
8 0.072265625 0.4140625 0.01953125 0.015625
8 0.11328125 0.421875 0.015625 0.01953125