4 0.5269675925925925 0.27705439814814814 0.06684027777777768 0.0342158564814814
3 0.39211516203703706 0.26121238425925924 0.07269965277777779 0.0346498842592593
4 0.6559606481481481 0.29246238425925924 0.06293402777777768 0.03392650462962965
1 0.24625289351851853 0.16066261574074076 0.04937789351851851 0.04072627314814814
3 0.2474681712962963 0.24269386574074073 0.07666377314814815 0.038845486111111105
7 0.6528211805555555 0.21223958333333334 0.04756944444444455 0.05034722222222221
2 0.39087094907407405 0.17722800925925927 0.05342881944444444 0.05078125
0 0.09583333333333333 0.14756944444444445 0.05707465277777779 0.03349247685185186
6 0.5257233796296297 0.19307002314814814 0.04756944444444455 0.05034722222222221
5 0.09696180555555556 0.22374131944444448 0.04383680555555555 0.06177662037037035
8 0.7779369212962963 0.22931134259259262 0.04366319444444455 0.05005787037037035
5 0.7771701388888889 0.30924479166666663 0.03404224537037037 0.0591001157407407