0 0.06145833333333333 0.33391203703703703 0.027083333333333334 0.026707175925925974
1 0.12578125 0.32861689814814815 0.02734375 0.030613425925925974
2 0.18815104166666666 0.32342303240740744 0.02734375 0.030613425925925863
6 0.2583333333333333 0.3178240740740741 0.029296875 0.030714699074074092
7 0.324609375 0.31242766203703703 0.029036458333333348 0.026808449074074092
8 0.39479166666666665 0.3068287037037037 0.029557291666666652 0.03462094907407409
4 0.06432291666666667 0.37688078703703703 0.03476562500000002 0.025159143518518556
3 0.12877604166666667 0.37353877314814815 0.034635416666666696 0.023206018518518556
5 0.19505208333333335 0.3681423611111111 0.023697916666666652 0.03431712962962963
4 0.259375 0.3628472222222222 0.03645833333333326 0.021354166666666674
3 0.3276041666666667 0.35734953703703703 0.038541666666666696 0.023408564814814792
5 0.3958333333333333 0.35185185185185186 0.023697916666666652 0.03431712962962963