1 0.24059606481481483 0.28880208333333335 0.02647569444444442 0.030989583333333348
4 0.2426215277777778 0.34348958333333335 0.04571759259259256 0.024479166666666607
3 0.3226273148148148 0.34687500000000004 0.04571759259259256 0.024479166666666607
6 0.40610532407407407 0.28619791666666666 0.03240740740740744 0.033333333333333326
4 0.5954137731481481 0.3475260416666667 0.04962384259259256 0.02473958333333326
5 0.408203125 0.34283854166666666 0.0229311342592593 0.040494791666666696
8 0.5930989583333334 0.2850260416666667 0.0366030092592593 0.04140624999999998
5 0.16464120370370372 0.3421875 0.02278645833333337 0.036588541666666696
2 0.32241030092592593 0.2884114583333333 0.03038194444444442 0.03125
3 0.5 0.34895833333333337 0.04962384259259256 0.02473958333333326
0 0.16276041666666669 0.29140625 0.03038194444444442 0.03125
7 0.49573206018518523 0.286328125 0.03255208333333326 0.037239583333333326