4 0.767578125 0.36328125 0.041015625 0.015625
3 0.6171875 0.36328125 0.041015625 0.015625
4 0.693359375 0.36328125 0.037109375 0.015625
2 0.765625 0.318359375 0.025390625 0.025390625
3 0.986328125 0.36328125 0.02734375 0.01953125
6 0.83984375 0.318359375 0.025390625 0.025390625
5 0.83984375 0.36328125 0.01953125 0.03515625
0 0.6171875 0.318359375 0.02734375 0.025390625
5 0.916015625 0.36328125 0.01953125 0.03125
7 0.9140625 0.31640625 0.02734375 0.02734375
1 0.69140625 0.318359375 0.02734375 0.025390625
8 0.98828125 0.31640625 0.01953125 0.02734375