3 0.23046875 0.30859375 0.052734375 0.025390625
4 0.43359375 0.31640625 0.05078125 0.021484375
4 0.533203125 0.32421875 0.046875 0.021484375
6 0.435546875 0.2578125 0.03515625 0.03515625
5 0.333984375 0.310546875 0.025390625 0.041015625
1 0.23046875 0.244140625 0.041015625 0.037109375
3 0.623046875 0.326171875 0.046875 0.021484375
2 0.333984375 0.251953125 0.037109375 0.03515625
5 0.1171875 0.302734375 0.02734375 0.04296875
0 0.115234375 0.23828125 0.04296875 0.03515625
7 0.53125 0.26171875 0.03125 0.03125
8 0.623046875 0.26953125 0.03515625 0.03125