3 0.37417534722222223 0.38817997685185185 0.026779513888888884 0.017129629629629606
3 0.420703125 0.381495949074074 0.030685763888888884 0.01736111111111116
4 0.5276041666666667 0.3692708333333333 0.030685763888888884 0.01736111111111116
4 0.4750434027777778 0.37434895833333337 0.030685763888888884 0.01736111111111116
5 0.32730034722222223 0.3909577546296297 0.017881944444444464 0.026316550925925997
5 0.5858506944444444 0.3618923611111111 0.01822916666666652 0.030222800925925886
6 0.47174479166666666 0.33723958333333337 0.021788194444444464 0.02654803240740744
2 0.417578125 0.3463396990740741 0.025520833333333437 0.024826388888888884
1 0.3708767361111111 0.35107060185185185 0.021614583333333326 0.02459490740740744
8 0.5823784722222223 0.3228298611111111 0.025520833333333215 0.024826388888888884
7 0.5260850694444444 0.3300925925925926 0.021614583333333437 0.02459490740740744
0 0.3243489583333333 0.3577546296296297 0.021614583333333326 0.02459490740740744