4 0.4921875 0.3736979166666667 0.044921875 0.02119502314814814
3 0.75 0.3832465277777778 0.044921875 0.02119502314814814
4 0.580078125 0.376953125 0.044921875 0.02119502314814814
3 0.318359375 0.36530671296296297 0.044921875 0.02119502314814814
0 0.31640625 0.3125 0.033203125 0.03247974537037035
2 0.4921875 0.31901041666666663 0.03125 0.03240740740740744
7 0.6640625 0.32732928240740744 0.03125 0.03240740740740744
5 0.404296875 0.37044270833333337 0.01953125 0.03783275462962954
1 0.40625 0.3158275462962963 0.03125 0.03240740740740744
5 0.6640625 0.38006365740740744 0.0234375 0.03797743055555558
6 0.580078125 0.32421875 0.03125 0.02850115740740744
8 0.75390625 0.3306568287037037 0.03125 0.03240740740740744