3 0.55078125 0.37109375 0.03125 0.015625
3 0.41796875 0.359375 0.037109375 0.01953125
2 0.34765625 0.30859375 0.025390625 0.02734375
4 0.267578125 0.349609375 0.041015625 0.01953125
5 0.34765625 0.353515625 0.01953125 0.03125
1 0.26953125 0.298828125 0.03125 0.02734375
4 0.48828125 0.365234375 0.03515625 0.01953125
5 0.181640625 0.33984375 0.025390625 0.037109375
0 0.1796875 0.2890625 0.03515625 0.02734375
6 0.41796875 0.314453125 0.025390625 0.02734375
7 0.48828125 0.3203125 0.025390625 0.02734375
8 0.55078125 0.328125 0.021484375 0.025390625