4 0.73046875 0.30078125 0.05078125 0.021484375
3 0.626953125 0.296875 0.052734375 0.025390625
3 0.830078125 0.3046875 0.046875 0.021484375
4 0.40625 0.287109375 0.056640625 0.025390625
5 0.51953125 0.291015625 0.03125 0.04296875
2 0.517578125 0.22265625 0.041015625 0.041015625
0 0.28515625 0.2109375 0.04296875 0.041015625
5 0.28515625 0.279296875 0.02734375 0.046875
6 0.625 0.228515625 0.037109375 0.037109375
1 0.404296875 0.216796875 0.041015625 0.041015625
8 0.830078125 0.240234375 0.03515625 0.037109375
7 0.73046875 0.234375 0.03515625 0.037109375