8 0.691015625 0.3898582175925926 0.025911458333333304 0.02418981481481486
5 0.5144965277777778 0.4178530092592593 0.020095486111111116 0.02596932870370372
0 0.39609375 0.38111979166666665 0.023958333333333304 0.024131944444444442
5 0.39535590277777777 0.41432291666666665 0.016189236111111116 0.025853587962962887
4 0.631640625 0.4232783564814815 0.033550347222222054 0.016608796296296302
6 0.571875 0.386328125 0.023958333333333304 0.024131944444444442
7 0.63046875 0.3880642361111111 0.023958333333333304 0.024131944444444442
3 0.45585937499999996 0.4180700231481481 0.033550347222222276 0.01660879629629619
3 0.6882378472222223 0.42690972222222223 0.029600694444444464 0.01453993055555558
4 0.573046875 0.4215422453703704 0.033550347222222054 0.016608796296296302
2 0.51328125 0.38459201388888886 0.023958333333333304 0.024131944444444553
1 0.456640625 0.3829137731481481 0.025911458333333304 0.024189814814814747
1 0.0546875 0.44136284722222224 0.014019097222222221 0.016030092592592582
8 0.07786458333333333 0.4537760416666667 0.014409722222222227 0.03360821759259258
8 0.13645833333333335 0.4555121527777778 0.01410590277777779 0.019936342592592582
8 0.09930555555555556 0.45636574074074077 0.01640625000000001 0.03561921296296289
8 0.03515625 0.4407841435185185 0.010069444444444436 0.01396122685185186
8 0.06840277777777778 0.4398148148148148 0.01987847222222222 0.01620370370370372
8 0.12686631944444446 0.44741030092592593 0.01987847222222222 0.01620370370370372
8 0.040625 0.4585358796296296 0.02395833333333333 0.024131944444444442