4 0.09680266203703704 0.37374131944444444 0.045081018518518506 0.023813657407407374
4 0.18274016203703702 0.36928530092592593 0.045081018518518534 0.023813657407407374
8 0.4507523148148148 0.2968171296296296 0.031481481481481444 0.03287037037037033
6 0.2710648148148148 0.3061342592592593 0.031481481481481444 0.03287037037037033
7 0.3609085648148148 0.30147569444444444 0.03151041666666665 0.03677662037037033
5 0.27064525462962963 0.3627748842592593 0.02372685185185186 0.04027777777777786
5 0.36048900462962963 0.35811631944444444 0.02372685185185186 0.040277777777777746
0 0.010575810185185185 0.32361111111111107 0.02115162037037037 0.03246527777777786
1 0.09330150462962963 0.3192563657407408 0.0314814814814815 0.03287037037037033
2 0.18122106481481481 0.31079282407407405 0.0353877314814815 0.03307291666666656
3 0.44839409722222223 0.3516059027777778 0.048987268518518534 0.02401620370370372
3 0.01622540509259259 0.37604166666666666 0.03245081018518518 0.025260416666666674