3 0.8739149305555556 0.27417534722222225 0.057132523148148096 0.026605902777777857
1 0.4060185185185185 0.2121527777777778 0.04282407407407407 0.03993055555555558
0 0.2886429398148148 0.21280381944444443 0.04887152777777781 0.042013888888888906
3 0.29755497685185184 0.2850260416666667 0.0629918981481481 0.02673611111111107
5 0.41455439814814815 0.28046875000000004 0.03381076388888893 0.04752604166666674
2 0.5232060185185186 0.20954861111111112 0.04477719907407396 0.03997395833333334
4 0.5319299768518518 0.27981770833333336 0.059085648148148096 0.026649305555555558
5 0.7586805555555556 0.27673611111111107 0.03381076388888893 0.04752604166666674
4 0.6453993055555556 0.27925347222222224 0.059085648148148096 0.026649305555555558
6 0.6384403935185186 0.20698784722222224 0.04282407407407396 0.03993055555555558
8 0.8653790509259258 0.205859375 0.04282407407407396 0.03993055555555558
7 0.7520978009259258 0.2083767361111111 0.04477719907407396 0.03997395833333334