4 0.6240596064814814 0.2361400462962963 0.05927372685185173 0.029021990740740744
4 0.5049189814814814 0.23967013888888888 0.06317997685185173 0.029137731481481466
3 0.13344907407407408 0.24675925925925926 0.06708622685185184 0.029253472222222243
5 0.256495949074074 0.24311342592592594 0.03771701388888893 0.0478587962962963
5 0.379542824074074 0.2394675925925926 0.03576388888888893 0.047800925925925886
1 0.12630208333333334 0.17254050925925926 0.04691840277777776 0.04228877314814816
2 0.24934895833333331 0.16889467592592594 0.04496527777777781 0.042230902777777746
3 0.029651331018518523 0.2468967013888889 0.012659143518518517 0.010112847222222221
7 0.49581886574074074 0.16550925925925924 0.04691840277777781 0.04228877314814816
8 0.6169126157407407 0.1619212962962963 0.04691840277777781 0.04228877314814816
6 0.37239583333333337 0.1652488425925926 0.04691840277777781 0.04228877314814816
0 0.020457175925925927 0.17175925925925928 0.009809027777777778 0.04118923611111114