4 0.5234809027777778 0.28132233796296297 0.06510416666666652 0.03168402777777779
3 0.39079861111111114 0.2705439814814815 0.07096354166666674 0.03190104166666674
4 0.6503038194444444 0.2918836805555556 0.06119791666666652 0.03153935185185186
1 0.25221354166666665 0.17353877314814814 0.049826388888888906 0.04673032407407407
3 0.2503472222222222 0.25752314814814814 0.07495659722222225 0.03595196759259256
7 0.6500868055555555 0.21368634259259262 0.04592013888888902 0.04658564814814814
2 0.39266493055555557 0.18655960648148148 0.05186631944444442 0.050708912037037035
0 0.10394965277777778 0.16022858796296297 0.05577256944444445 0.050853587962962965
6 0.5253038194444444 0.19929108796296297 0.04592013888888902 0.04658564814814814
5 0.10208333333333333 0.24421296296296297 0.04231770833333334 0.06011284722222221
8 0.7710503472222223 0.22403067129629628 0.04201388888888902 0.04644097222222221
5 0.7673177083333333 0.30403645833333337 0.03441840277777786 0.05591724537037046