4 0.8972077546296295 0.44646990740740744 0.03645833333333348 0.01888020833333326
0 0.5985966435185185 0.4060329861111111 0.02727141203703698 0.02633101851851849
3 0.5959924768518519 0.4411892361111111 0.03240740740740744 0.01678240740740744
4 0.8326099537037037 0.44603587962962965 0.0366030092592593 0.02083333333333326
1 0.6571903935185185 0.408203125 0.02517361111111116 0.02430555555555558
5 0.7134693287037037 0.4416232638888889 0.02155671296296302 0.02806712962962965
5 0.7720630787037037 0.4437934027777778 0.02155671296296302 0.02806712962962965
3 0.6527777777777778 0.44133391203703703 0.03450520833333326 0.01880787037037035
2 0.7141203703703703 0.40639467592592593 0.02712673611111116 0.02437789351851849
8 0.8981481481481481 0.4073350694444444 0.02936921296296302 0.0283564814814814
7 0.8355034722222222 0.40697337962962965 0.02712673611111116 0.0243778935185186
6 0.7748119212962963 0.4066840277777778 0.02936921296296302 0.02835648148148151
5 0.3133680555555556 0.47576678240740744 0.01193576388888884 0.02965856481481488
5 0.3289930555555556 0.47634548611111116 0.01569733796296302 0.0278501157407407
8 0.29441550925925924 0.4672309027777778 0.01106770833333337 0.01793981481481488
5 0.27502893518518523 0.46455439814814814 0.0112123842592593 0.01989293981481488
8 0.34642650462962965 0.4789496527777778 0.01974826388888884 0.02994791666666674