4 0.216796875 0.3618923611111111 0.047829861111111094 0.023567708333333326
3 0.45711805555555557 0.37061631944444445 0.04188368055555558 0.021354166666666674
3 0.058506944444444445 0.35681423611111107 0.04383680555555555 0.021440972222222188
4 0.13663194444444443 0.36028645833333334 0.04383680555555558 0.021440972222222188
5 0.29696180555555557 0.3634982638888889 0.020920138888888884 0.03211805555555558
5 0.37703993055555557 0.3670572916666667 0.022873263888888884 0.032204861111111094
2 0.21905381944444446 0.3111111111111111 0.028559027777777746 0.028559027777777746
6 0.29913194444444446 0.3146701388888889 0.026605902777777857 0.028472222222222232
0 0.05881076388888889 0.30594618055555556 0.03237847222222222 0.026779513888888884
7 0.37921006944444446 0.3182291666666667 0.028559027777777857 0.028559027777777746
8 0.45928819444444446 0.32178819444444445 0.028559027777777857 0.028559027777777746
1 0.14092881944444446 0.3076388888888889 0.028559027777777746 0.028559027777777857