4 0.4457465277777778 0.2386863425925926 0.07183159722222221 0.031756365740740755
4 0.5759548611111112 0.24357638888888888 0.06792534722222232 0.0317274305555556
1 0.1753472222222222 0.1431134259259259 0.05533854166666663 0.041391782407407374
4 0.3057725694444444 0.23386863425925924 0.07335069444444442 0.027864583333333304
2 0.31510416666666663 0.14988425925925924 0.05598958333333326 0.047251157407407374
3 0.1640625 0.2271122685185185 0.07769097222222221 0.03179976851851851
0 0.026692708333333336 0.14230324074074074 0.05338541666666667 0.033651620370370394
7 0.5828993055555556 0.1635127314814815 0.05164930555555558 0.04331597222222222
6 0.453125 0.15471643518518519 0.04817708333333337 0.04719328703703701
5 0.6983506944444444 0.24852430555555555 0.03342013888888884 0.054890046296296346
5 0.016167534722222224 0.22044270833333335 0.03233506944444445 0.056915509259259256
8 0.7092013888888888 0.16843171296296294 0.04774305555555536 0.04328703703703707