3 0.3353153935185185 0.42097800925925927 0.031958912037037046 0.015523726851851882
5 0.28093171296296293 0.42359664351851856 0.015089699074074092 0.028153935185185164
8 0.5859809027777778 0.37352430555555555 0.024855324074074092 0.028732638888888884
4 0.5163483796296297 0.4200231481481481 0.03606770833333339 0.019661458333333437
4 0.4501446759259259 0.41999421296296297 0.03606770833333339 0.019661458333333326
3 0.38980034722222223 0.4203125 0.03216145833333339 0.01942997685185177
6 0.4498697916666667 0.3771412037037037 0.024855324074074092 0.028732638888888884
2 0.387572337962963 0.37734375 0.024652777777777857 0.024826388888888884
0 0.27685185185185185 0.3824652777777778 0.022699652777777746 0.024710648148148162
5 0.5864583333333333 0.4202835648148148 0.023104745370370328 0.03252314814814816
7 0.513917824074074 0.3731481481481481 0.028761574074074092 0.028964120370370328
1 0.33123553240740744 0.3798466435185185 0.022902199074074092 0.02861689814814805