4 0.4408998842592593 0.3143663194444445 0.04861111111111116 0.02586805555555549
3 0.34577546296296297 0.3271412037037037 0.04861111111111116 0.02586805555555549
4 0.09483506944444445 0.3538773148148148 0.044415509259259245 0.021759259259259256
3 0.1726707175925926 0.3459201388888889 0.044704861111111105 0.025665509259259256
6 0.25188078703703703 0.27711226851851856 0.03356481481481477 0.03287037037037033
2 0.1681857638888889 0.28537326388888884 0.033709490740740755 0.03482349537037033
5 0.2562210648148148 0.33570601851851856 0.02647569444444442 0.04223090277777786
1 0.09063946759259259 0.2972366898148148 0.029803240740740755 0.03462094907407409
7 0.34114583333333337 0.2646412037037037 0.0356626157407407 0.034924768518518556
8 0.43431712962962965 0.2519675925925926 0.0395688657407407 0.03512731481481479
0 0.026620370370370374 0.3064380787037037 0.008318865740740741 0.033506944444444464