3 0.5207609953703703 0.38722511574074076 0.03985821759259256 0.02437789351851849
4 0.6707175925925926 0.38664641203703703 0.03985821759259256 0.02437789351851849
1 0.4508101851851852 0.33919270833333337 0.02640335648148151 0.02922453703703698
0 0.38664641203703703 0.3422309027777778 0.02640335648148151 0.02922453703703698
4 0.5947627314814814 0.38686342592592593 0.03971354166666652 0.02047164351851849
3 0.4544994212962963 0.3862123842592593 0.03580729166666674 0.02018229166666674
5 0.3882378472222222 0.3851996527777778 0.01873553240740744 0.03255208333333326
7 0.6688368055555556 0.3358651620370371 0.02850115740740744 0.03327546296296302
5 0.7545572916666667 0.38896122685185186 0.02683738425925908 0.04094328703703698
8 0.7545572916666667 0.3363715277777778 0.03631365740740744 0.03385416666666663
6 0.5910011574074074 0.337890625 0.02850115740740744 0.03327546296296302
2 0.5189525462962963 0.3383969907407407 0.0283564814814814 0.02936921296296302