1 0.482421875 0.26171875 0.03515625 0.03515625
3 0.78515625 0.3125 0.056640625 0.025390625
7 0.78515625 0.251953125 0.037109375 0.037109375
4 0.388671875 0.32421875 0.046875 0.021484375
5 0.58203125 0.31640625 0.025390625 0.041015625
2 0.58203125 0.2578125 0.041015625 0.03515625
4 0.6796875 0.314453125 0.052734375 0.021484375
5 0.892578125 0.30859375 0.02734375 0.041015625
8 0.89453125 0.24609375 0.037109375 0.03515625
0 0.38671875 0.263671875 0.037109375 0.03515625
6 0.681640625 0.255859375 0.037109375 0.03125
3 0.482421875 0.3203125 0.052734375 0.021484375