3 0.8608940972222222 0.2961082175925926 0.07139756944444442 0.03294270833333335
3 0.3099681712962963 0.2636429398148148 0.07139756944444442 0.03294270833333335
4 0.5893373842592593 0.280078125 0.06756365740740744 0.034693287037037
0 0.1681857638888889 0.1724681712962963 0.052517361111111105 0.04950810185185184
4 0.7222222222222222 0.28891782407407407 0.06749131944444442 0.03274016203703711
2 0.4455295138888889 0.18684895833333331 0.05244502314814814 0.04755497685185184
5 0.4486400462962963 0.27083333333333337 0.03327546296296302 0.05630787037037033
5 0.1712962962962963 0.2564525462962963 0.033275462962962965 0.05630787037037033
6 0.5842013888888888 0.19403935185185187 0.04853877314814814 0.04735243055555555
1 0.3088107638888889 0.17975983796296297 0.04853877314814814 0.04735243055555555
7 0.7209924768518519 0.20308159722222224 0.05251736111111116 0.04950810185185184
8 0.8597366898148148 0.21222511574074074 0.04853877314814814 0.04735243055555555