2 0.5759693287037038 0.15185185185185185 0.06014178240740753 0.057450810185185164
4 0.28132233796296297 0.24032118055555557 0.07527488425925921 0.032320601851851816
3 0.43385416666666665 0.2400173611111111 0.0795572916666667 0.03628472222222223
3 0.5826678240740741 0.24172453703703706 0.0795572916666667 0.03628472222222223
4 0.7312934027777778 0.24147858796296295 0.0717447916666667 0.03616898148148151
0 0.26838831018518516 0.14662905092592593 0.0634837962962963 0.051649305555555525
5 0.8795428240740741 0.2373263888888889 0.04079861111111116 0.059114583333333304
1 0.4250144675925926 0.1482204861111111 0.0595775462962963 0.051591435185185164
8 0.9931459780092593 0.15140335648148148 0.0137080439814814 0.04923321759259258
6 0.7244068287037038 0.14965277777777777 0.05548321759259256 0.0495804398148148
7 0.8691261574074074 0.1494646990740741 0.05548321759259256 0.0495804398148148