0 0.521484375 0.318359375 0.03125 0.029296875
1 0.599609375 0.31640625 0.029296875 0.029296875
2 0.673828125 0.318359375 0.03515625 0.029296875
6 0.748046875 0.31640625 0.029296875 0.03125
7 0.82421875 0.314453125 0.02734375 0.02734375
8 0.90234375 0.31640625 0.02734375 0.03125
3 0.521484375 0.36328125 0.037109375 0.01953125
4 0.595703125 0.36328125 0.041015625 0.01953125
4 0.673828125 0.36328125 0.041015625 0.01953125
5 0.74609375 0.361328125 0.01953125 0.03515625
5 0.82421875 0.361328125 0.021484375 0.03515625
3 0.900390625 0.361328125 0.037109375 0.015625