4 0.7498119212962964 0.3323929398148148 0.041941550925925775 0.01714409722222221
6 0.7451967592592592 0.2875434027777778 0.026895254629629495 0.0263310185185186
4 0.5211805555555555 0.3389033564814815 0.03826678240740744 0.02090567129629628
0 0.518287037037037 0.2900752314814815 0.03287037037037033 0.02850115740740744
5 0.896412037037037 0.32892071759259256 0.021383101851851993 0.03197337962962954
1 0.5945746527777778 0.28920717592592593 0.028848379629629717 0.02640335648148151
2 0.6708622685185185 0.28833912037037035 0.028964120370370328 0.0283564814814814
3 0.822193287037037 0.3316695601851852 0.03631365740740744 0.02083333333333337
5 0.6736400462962964 0.33521412037037035 0.023567708333333215 0.03595196759259256
3 0.5973524305555555 0.33608217592592593 0.04217303240740744 0.02105034722222221
7 0.8194155092592592 0.2847945601851852 0.028848379629629495 0.02640335648148151
8 0.8936342592592592 0.28204571759259256 0.027010995370370328 0.0282841435185186