4 0.66796875 0.36328125 0.041015625 0.015625
3 0.59375 0.36328125 0.037109375 0.015625
4 0.744140625 0.36328125 0.037109375 0.01953125
3 0.96875 0.36328125 0.037109375 0.01953125
1 0.669921875 0.318359375 0.02734375 0.025390625
6 0.818359375 0.31640625 0.025390625 0.02734375
0 0.591796875 0.318359375 0.02734375 0.025390625
8 0.970703125 0.31640625 0.02734375 0.02734375
7 0.892578125 0.31640625 0.02734375 0.02734375
5 0.81640625 0.36328125 0.021484375 0.03125
2 0.7421875 0.31640625 0.02734375 0.02734375
5 0.892578125 0.36328125 0.021484375 0.03125