3 0.4638888888888889 0.2681857638888889 0.06831597222222219 0.024421296296296302
3 0.2041232638888889 0.2720341435185185 0.06636284722222219 0.024392361111111094
4 0.7233362268518518 0.26824363425925923 0.06636284722222219 0.024392361111111205
4 0.8502893518518518 0.26636284722222225 0.06245659722222219 0.02433449074074079
2 0.4686631944444445 0.2095920138888889 0.04958043981481475 0.03389756944444444
5 0.3369357638888889 0.2700665509259259 0.03670428240740742 0.043460648148148096
8 0.841550925925926 0.20601851851851852 0.049898726851851816 0.03780381944444444
1 0.34366319444444443 0.21144386574074076 0.04535590277777779 0.029933449074074026
7 0.714597800925926 0.20789930555555555 0.04535590277777768 0.02993344907407408
5 0.5947482638888888 0.2662471064814815 0.03670428240740753 0.04346064814814821
6 0.5956163194444444 0.20771122685185184 0.04567418981481497 0.033839699074074026
0 0.21491608796296297 0.21140046296296297 0.0534866898148148 0.0339554398148148