0 0.4219618055555555 0.35853587962962963 0.02799479166666674 0.029499421296296346
1 0.4805121527777778 0.3570167824074074 0.02990451388888893 0.02756076388888884
2 0.5371527777777778 0.3574363425925926 0.02599826388888893 0.02753182870370363
6 0.5957465277777778 0.3578703703703704 0.02404513888888893 0.027517361111111027
7 0.6523871527777778 0.3582899305555556 0.02599826388888893 0.02753182870370363
8 0.7110243055555556 0.36067708333333337 0.02599826388888893 0.02753182870370363
5 0.6551649305555556 0.39541377314814813 0.022178819444444553 0.031409143518518534
5 0.7098090277777778 0.39386574074074077 0.02209201388888893 0.027502893518518423
4 0.5985243055555556 0.394994212962963 0.03359375000000009 0.017824074074074048
3 0.5379774305555556 0.3945457175925926 0.03554687500000009 0.017838541666666652
3 0.4813368055555556 0.3941261574074074 0.03554687500000009 0.017838541666666652
4 0.4227430555555556 0.39369212962962963 0.03554687500000009 0.017838541666666652