2 0.4259982638888889 0.41015625 0.015856481481481444 0.015625
1 0.39279513888888884 0.41015625 0.015827546296296235 0.013671875
8 0.5275607638888888 0.41015625 0.015856481481481666 0.015625
7 0.49435763888888895 0.41015625 0.015856481481481444 0.015625
6 0.4611545138888889 0.41015625 0.015856481481481444 0.015625
0 0.35760995370370374 0.408203125 0.015856481481481444 0.015625
5 0.35988136574074076 0.4296875 0.01396122685185186 0.01953125
4 0.46144386574074076 0.4296875 0.01576967592592593 0.009765625
4 0.4927228009259259 0.431640625 0.019733796296296235 0.013671875
3 0.3911313657407407 0.4296875 0.019762731481481444 0.015625
5 0.4282407407407407 0.4296875 0.013903356481481444 0.015625
7 0.055338541666666664 0.439453125 0.014019097222222221 0.0234375
8 0.10235821759259259 0.44921875 0.02392939814814815 0.033203125
5 0.09259259259259259 0.44921875 0.02002314814814815 0.033203125
5 0.07690972222222223 0.4453125 0.01600115740740743 0.025390625
8 0.047468171296296297 0.435546875 0.01591435185185186 0.01953125
5 0.08658854166666666 0.439453125 0.0158564814814815 0.015625