4 0.9071180555555556 0.26689814814814816 0.06493055555555571 0.027806712962962887
4 0.7860243055555556 0.2677951388888889 0.06493055555555571 0.027806712962963
3 0.4126302083333333 0.2666521990740741 0.06883680555555549 0.027835648148148096
3 0.2837239583333333 0.2676070601851852 0.06883680555555549 0.027835648148148096
5 0.5356770833333333 0.2657407407407407 0.03559027777777768 0.049059606481481444
5 0.6606770833333333 0.26481481481481484 0.03559027777777768 0.049059606481481444
0 0.2767795138888889 0.18948206018518518 0.048914930555555625 0.04525462962962962
1 0.405859375 0.19048032407407406 0.04856770833333335 0.04134837962962967
2 0.52890625 0.18956886574074072 0.04856770833333335 0.04134837962962967
6 0.655859375 0.18862847222222223 0.04466145833333335 0.041319444444444464
7 0.7773003472222222 0.1916377314814815 0.04856770833333335 0.04134837962962967
8 0.9023003472222222 0.19071180555555556 0.04856770833333335 0.04134837962962962