4 0.20937499999999998 0.31232638888888886 0.05269097222222219 0.024565972222222232
3 0.47288773148148144 0.30451388888888886 0.046672453703703765 0.022482638888888795
3 0.04351851851851851 0.31796875 0.03690682870370371 0.022265624999999956
4 0.12164351851851851 0.31623263888888886 0.05057870370370371 0.02256944444444442
5 0.29710648148148144 0.30842013888888886 0.024348958333333393 0.03563368055555549
5 0.38304398148148144 0.3065104166666667 0.026302083333333393 0.035677083333333304
2 0.20491898148148147 0.2576388888888889 0.033796296296296324 0.03194444444444444
6 0.29280960648148147 0.25568576388888886 0.029890046296296324 0.03185763888888893
0 0.033203125 0.26341145833333335 0.025665509259259256 0.027864583333333304
7 0.37874710648148147 0.2537760416666667 0.033796296296296324 0.03194444444444444
8 0.46859085648148147 0.2517795138888889 0.033796296296296324 0.03194444444444444
1 0.11898148148148148 0.2595486111111111 0.033796296296296297 0.03194444444444444