3 0.544921875 0.330078125 0.046875 0.021484375
3 0.73828125 0.31640625 0.052734375 0.021484375
4 0.45703125 0.33203125 0.046875 0.021484375
4 0.845703125 0.310546875 0.052734375 0.021484375
1 0.45703125 0.27734375 0.02734375 0.03125
7 0.73828125 0.2578125 0.03515625 0.03515625
0 0.37109375 0.28515625 0.03125 0.03125
2 0.544921875 0.271484375 0.03515625 0.03125
5 0.640625 0.322265625 0.025390625 0.037109375
6 0.638671875 0.263671875 0.03515625 0.03515625
5 0.373046875 0.3359375 0.021484375 0.03515625
8 0.845703125 0.248046875 0.041015625 0.03515625