4 0.35269097222222223 0.3694878472222222 0.045703124999999956 0.018576388888888906
4 0.6125434027777779 0.3656684027777778 0.04587673611111098 0.022482638888888906
3 0.6967013888888889 0.3677083333333333 0.045876736111111205 0.022482638888888795
3 0.43871527777777775 0.36953125 0.045876736111111205 0.022482638888888795
6 0.6083333333333333 0.3149305555555556 0.028732638888888884 0.03185763888888893
1 0.4362847222222222 0.31484375 0.032638888888888884 0.03194444444444444
7 0.6942708333333333 0.31302083333333336 0.032638888888888884 0.03194444444444444
5 0.5246527777777779 0.3676215277777778 0.02499999999999991 0.035677083333333304
5 0.7787326388888889 0.36588541666666663 0.02499999999999991 0.035677083333333304
2 0.5222222222222223 0.3129340277777778 0.032638888888888884 0.03194444444444444
0 0.3483940972222222 0.316796875 0.036545138888888884 0.032031249999999956
8 0.7763888888888888 0.3131510416666667 0.03246527777777786 0.028038194444444442