1 0.23046875 0.28515625 0.02734375 0.02734375
6 0.390625 0.275390625 0.03125 0.03125
5 0.392578125 0.328125 0.021484375 0.037109375
3 0.30859375 0.3359375 0.041015625 0.021484375
4 0.57421875 0.3203125 0.046875 0.021484375
4 0.23046875 0.33984375 0.04296875 0.021484375
2 0.30859375 0.28125 0.02734375 0.03125
3 0.48046875 0.326171875 0.046875 0.021484375
5 0.154296875 0.34375 0.021484375 0.037109375
7 0.48046875 0.267578125 0.03515625 0.03515625
8 0.57421875 0.26171875 0.03515625 0.03515625
0 0.154296875 0.29296875 0.02734375 0.02734375