0 0.28394097222222225 0.3594907407407407 0.02712673611111116 0.030801504629629717
1 0.34058159722222225 0.35613425925925923 0.024942129629629717 0.026779513888888884
2 0.393431712962963 0.35496238425925924 0.024942129629629717 0.026779513888888884
6 0.448119212962963 0.35172164351851853 0.024826388888888884 0.024826388888888884
7 0.500853587962963 0.3485966435185185 0.024826388888888884 0.024826388888888884
8 0.5537037037037037 0.34742476851851856 0.020920138888888884 0.02459490740740744
4 0.28590856481481486 0.3926938657407407 0.030222800925925997 0.01736111111111116
3 0.3407118055555556 0.39140625 0.032175925925926 0.017476851851851882
3 0.3953993055555556 0.3881655092592593 0.032175925925926 0.01747685185185177
4 0.4500868055555556 0.38492476851851853 0.034129050925926 0.017592592592592604
5 0.5028211805555556 0.3817997685185185 0.019198495370370328 0.028385416666666607
5 0.5536024305555556 0.3787905092592593 0.01736111111111116 0.030222800925925997