4 0.8318142361111112 0.23619791666666667 0.05711805555555571 0.024001736111111116
3 0.4725260416666667 0.2482638888888889 0.06297743055555549 0.024262152777777768
3 0.22647569444444443 0.2572482638888889 0.0590711805555556 0.02408854166666663
4 0.714670138888889 0.239453125 0.05902777777777768 0.02213541666666663
8 0.8193576388888888 0.18211805555555555 0.04366319444444455 0.03315972222222219
5 0.3533854166666667 0.2535590277777778 0.03207465277777777 0.038498263888888884
2 0.4737413194444444 0.1935763888888889 0.04366319444444444 0.03315972222222219
5 0.5936197916666667 0.24288194444444444 0.03802083333333339 0.042664930555555536
7 0.7022135416666666 0.1853732638888889 0.04162326388888893 0.029166666666666674
1 0.3585069444444444 0.19869791666666664 0.03771701388888893 0.028993055555555536
6 0.5908854166666666 0.19032118055555555 0.04162326388888893 0.029166666666666674
0 0.23745659722222223 0.2021267361111111 0.04756944444444444 0.033333333333333326