0 0.1498119212962963 0.24097222222222223 0.04820601851851852 0.04596354166666666
1 0.2576967592592593 0.25421006944444446 0.04228877314814816 0.04388020833333339
2 0.34989872685185186 0.2658420138888889 0.04021990740740744 0.03993055555555558
6 0.4322771990740741 0.2757378472222222 0.03436053240740744 0.039800347222222254
7 0.5048321759259259 0.28389756944444444 0.032349537037037024 0.03780381944444444
8 0.5754918981481482 0.2940538194444444 0.026490162037037024 0.037673611111111116
4 0.15367476851851852 0.30538194444444444 0.05750868055555558 0.030555555555555558
3 0.2574797453703704 0.3128472222222222 0.05164930555555558 0.030425347222222232
5 0.3515190972222222 0.3205295138888889 0.03057002314814805 0.04361979166666663
4 0.43389756944444446 0.3304253472222222 0.04171006944444444 0.02434895833333328
3 0.5083478009259259 0.33658854166666663 0.04176793981481475 0.026302083333333393
5 0.574927662037037 0.34097222222222223 0.020572916666666607 0.03559027777777779