0 0.04282407407407407 0.208984375 0.05396412037037038 0.04635416666666664
1 0.16782407407407407 0.20065104166666667 0.05005787037037035 0.04609374999999999
2 0.28891782407407407 0.192578125 0.04615162037037035 0.04583333333333328
6 0.41001157407407407 0.18450520833333334 0.04586226851851849 0.04192708333333334
7 0.5290075231481481 0.178515625 0.04615162037037046 0.04583333333333328
8 0.6480034722222222 0.17252604166666666 0.0458622685185186 0.04192708333333334
3 0.03927951388888888 0.2830729166666667 0.06257233796296297 0.031380208333333326
4 0.1603732638888889 0.275 0.06452546296296297 0.03151041666666665
5 0.2834201388888889 0.266796875 0.03276909722222221 0.048828125
5 0.4045138888888889 0.25872395833333334 0.03276909722222221 0.048828125
3 0.525318287037037 0.2545572916666667 0.0625723379629628 0.031380208333333326
4 0.642505787037037 0.24674479166666669 0.0625723379629628 0.031380208333333326