4 0.22265625 0.353515625 0.041015625 0.01953125
3 0.14453125 0.353515625 0.037109375 0.01953125
3 0.5390625 0.353515625 0.041015625 0.01953125
4 0.30078125 0.353515625 0.041015625 0.01953125
0 0.14453125 0.3046875 0.03125 0.02734375
7 0.4609375 0.30078125 0.02734375 0.02734375
8 0.541015625 0.30078125 0.03125 0.02734375
6 0.37890625 0.3046875 0.02734375 0.02734375
5 0.37890625 0.3515625 0.021484375 0.03515625
1 0.22265625 0.3046875 0.02734375 0.02734375
2 0.30078125 0.3046875 0.03125 0.02734375
5 0.4609375 0.3515625 0.021484375 0.03515625