4 0.517578125 0.3671875 0.03515625 0.01953125
3 0.826171875 0.345703125 0.046875 0.021484375
3 0.5859375 0.36328125 0.041015625 0.017578125
5 0.919921875 0.337890625 0.025390625 0.03515625
0 0.515625 0.322265625 0.025390625 0.02734375
7 0.82421875 0.29296875 0.03125 0.02734375
4 0.73828125 0.349609375 0.041015625 0.01953125
6 0.73828125 0.30078125 0.02734375 0.03125
2 0.658203125 0.30859375 0.02734375 0.02734375
8 0.91796875 0.28515625 0.037109375 0.03125
5 0.658203125 0.35546875 0.021484375 0.03515625
1 0.583984375 0.314453125 0.025390625 0.02734375