4 0.31409143518518523 0.31861979166666665 0.0444155092592593 0.022395833333333393
4 0.048321759259259266 0.334375 0.04861111111111112 0.026562500000000044
3 0.40017361111111116 0.31484375 0.0444155092592593 0.022395833333333393
3 0.13635706018518517 0.33046875 0.0444155092592593 0.022395833333333393
6 0.31018518518518523 0.26588541666666665 0.03146701388888884 0.03125
2 0.22019675925925924 0.269921875 0.0356626157407407 0.03541666666666665
5 0.22605613425925924 0.32252604166666665 0.02618634259259256 0.03867187500000002
7 0.39612268518518523 0.26015625 0.03146701388888884 0.03125
1 0.13216145833333334 0.273828125 0.031467013888888895 0.03125
5 0.48596643518518523 0.3071614583333333 0.02618634259259256 0.03867187499999991
0 0.042317708333333336 0.2798177083333333 0.03956886574074074 0.035677083333333304
8 0.4823495370370371 0.25833333333333336 0.03146701388888884 0.03125