4 0.537109375 0.29296875 0.056640625 0.025390625
4 0.6484375 0.29296875 0.052734375 0.025390625
3 0.080078125 0.291015625 0.05859375 0.025390625
3 0.1953125 0.291015625 0.05859375 0.025390625
1 0.1953125 0.22265625 0.041015625 0.037109375
5 0.423828125 0.291015625 0.02734375 0.04296875
5 0.310546875 0.2890625 0.02734375 0.046875
2 0.30859375 0.22265625 0.037109375 0.037109375
6 0.423828125 0.22265625 0.041015625 0.037109375
0 0.080078125 0.21875 0.041015625 0.037109375
8 0.6484375 0.224609375 0.041015625 0.037109375
7 0.53515625 0.224609375 0.041015625 0.037109375