3 0.8542100694444444 0.38373842592592594 0.04470486111111116 0.020804398148148162
3 0.44600694444444444 0.3716435185185185 0.04079861111111116 0.02068865740740744
4 0.6061631944444444 0.3763888888888889 0.04470486111111116 0.020804398148148162
4 0.5260850694444444 0.3740162037037037 0.04470486111111116 0.020804398148148162
8 0.8496961805555556 0.3329571759259259 0.03190104166666652 0.03016493055555558
5 0.6860677083333333 0.37680844907407407 0.02673611111111107 0.03780381944444444
6 0.6838541666666667 0.32999131944444443 0.02977430555555549 0.028153935185185164
5 0.7700520833333333 0.379296875 0.02673611111111107 0.03780381944444444
1 0.5217447916666667 0.3251880787037037 0.03172743055555549 0.02821180555555558
0 0.43971354166666665 0.32275752314814815 0.03190104166666674 0.03016493055555558
7 0.7657118055555556 0.33046875 0.03190104166666652 0.03016493055555558
2 0.6018229166666667 0.3275607638888889 0.03172743055555549 0.02821180555555558