0 0.365234375 0.3515625 0.0234375 0.025390625
3 0.3671875 0.388671875 0.033203125 0.01953125
1 0.427734375 0.3515625 0.02734375 0.02734375
3 0.427734375 0.388671875 0.03125 0.01953125
2 0.48828125 0.353515625 0.0234375 0.025390625
5 0.48828125 0.388671875 0.01953125 0.03125
5 0.548828125 0.390625 0.01953125 0.029296875
6 0.548828125 0.353515625 0.025390625 0.025390625
7 0.607421875 0.3515625 0.0234375 0.025390625
4 0.609375 0.390625 0.03125 0.017578125
8 0.669921875 0.353515625 0.025390625 0.02734375
4 0.66796875 0.390625 0.033203125 0.017578125