0 0.216796875 0.228515625 0.046875 0.03515625
1 0.33203125 0.228515625 0.04296875 0.03125
6 0.5546875 0.228515625 0.041015625 0.03125
8 0.775390625 0.23046875 0.04296875 0.03125
7 0.6640625 0.23046875 0.046875 0.037109375
3 0.20703125 0.27734375 0.0625 0.01953125
4 0.326171875 0.279296875 0.05859375 0.021484375
5 0.44140625 0.279296875 0.02734375 0.041015625
5 0.556640625 0.279296875 0.03125 0.03515625
3 0.671875 0.28125 0.0625 0.01953125
4 0.78515625 0.283203125 0.056640625 0.021484375
2 0.443359375 0.228515625 0.037109375 0.03125