3 0.3008246527777778 0.35500578703703706 0.038035300925926 0.016724537037037024
4 0.5865596064814815 0.356322337962963 0.036082175925925775 0.016666666666666607
4 0.6511284722222221 0.35636574074074073 0.032175925925925775 0.016550925925925886
5 0.44949363425925926 0.3545138888888889 0.021383101851851882 0.03182870370370372
3 0.37515914351851853 0.35475983796296295 0.041941550925926 0.016840277777777746
1 0.3745659722222222 0.3117332175925926 0.03114872685185177 0.03211805555555558
0 0.29816261574074077 0.31008391203703706 0.03493923611111116 0.030280671296296302
6 0.5174913194444444 0.3133680555555556 0.028964120370370328 0.028153935185185164
5 0.51796875 0.35444155092592594 0.02126736111111116 0.02987557870370372
7 0.5859664351851852 0.3132957175925926 0.025057870370370328 0.028038194444444442
2 0.44694733796296293 0.3115451388888889 0.02907986111111116 0.030107060185185164
8 0.6526041666666667 0.31523437499999996 0.027010995370370328 0.028096064814814747