8 0.7378472222222223 0.4172164351851852 0.023553240740740833 0.022598379629629628
4 0.6471064814814815 0.44360532407407405 0.028660300925925863 0.015089699074074092
4 0.6939814814814815 0.44603587962962965 0.028660300925925863 0.015089699074074092
3 0.5494502314814815 0.43854166666666666 0.028660300925925863 0.015089699074074092
3 0.7428096064814815 0.44856770833333337 0.028660300925925863 0.015089699074074092
2 0.593504050925926 0.4116753472222222 0.023553240740740833 0.022598379629629628
0 0.4978009259259259 0.40671296296296294 0.023553240740740722 0.022598379629629628
6 0.642332175925926 0.41420717592592593 0.023553240740740833 0.022598379629629628
5 0.5023871527777778 0.4341579861111111 0.01574074074074061 0.022193287037037046
5 0.5980902777777777 0.4391203703703704 0.015740740740740833 0.022193287037037046
1 0.546629050925926 0.4092447916666667 0.019646990740740833 0.022395833333333393
7 0.689207175925926 0.4166377314814815 0.023553240740740833 0.022598379629629628
8 0.19233217592592594 0.4433449074074074 0.011458333333333348 0.0180844907407407
8 0.17513020833333334 0.44633969907407406 0.016681134259259267 0.031958912037037046
8 0.21066261574074074 0.4520688657407408 0.012774884259259267 0.0317563657407407
8 0.26163194444444443 0.45665509259259257 0.016304976851851838 0.028052662037037046
8 0.09926215277777778 0.4657262731481482 0.019270833333333348 0.018489583333333393
3 0.24386574074074074 0.45379050925925923 0.02449363425925921 0.03236400462962963
3 0.22527488425925926 0.4625434027777778 0.019270833333333348 0.01848958333333328
3 0.3224826388888889 0.48313078703703705 0.014988425925925974 0.014380787037037046
3 0.2912326388888889 0.48151041666666666 0.028660300925925974 0.015089699074074092
3 0.11665219907407406 0.46468460648148147 0.02280092592592592 0.014785879629629628