7 0.6754340277777777 0.3490740740740741 0.029976851851851727 0.028153935185185164
1 0.4545428240740741 0.34448784722222225 0.03211805555555558 0.03016493055555558
4 0.3742332175925926 0.3851996527777778 0.03880208333333335 0.018677662037037024
5 0.6709201388888888 0.3959490740740741 0.022728587962963065 0.03378182870370372
3 0.4502170138888889 0.38940972222222225 0.03880208333333335 0.018677662037037024
0 0.3785590277777778 0.3402777777777778 0.03388310185185184 0.028269675925925997
4 0.5986545138888889 0.39380787037037035 0.03880208333333335 0.018677662037037024
5 0.7431857638888888 0.3980902777777778 0.022728587962963065 0.03378182870370372
3 0.5226707175925926 0.3895978009259259 0.042708333333333126 0.018793402777777857
2 0.5289496527777777 0.3447337962962963 0.05063657407407396 0.040451388888888884
6 0.5994502314814815 0.34486400462962963 0.04105902777777781 0.042115162037037024
8 0.7476996527777777 0.3512152777777778 0.03324652777777759 0.04188368055555558