3 0.24156539351851852 0.32005208333333335 0.04499421296296291 0.020486111111111094
3 0.4950665509259259 0.3183159722222222 0.04499421296296302 0.020486111111111205
4 0.4110821759259259 0.3201822916666667 0.04499421296296302 0.020486111111111094
4 0.15562789351851852 0.32196180555555554 0.048900462962962965 0.020572916666666607
1 0.24683159722222223 0.26927083333333335 0.032335069444444475 0.02994791666666674
6 0.4163483796296296 0.2694010416666667 0.03233506944444442 0.02994791666666663
0 0.15914351851851852 0.26927083333333335 0.04055266203703706 0.03402777777777777
5 0.575144675925926 0.3165364583333333 0.022974537037037113 0.03363715277777779
2 0.3325665509259259 0.2693142361111111 0.032132523148148184 0.02799479166666663
5 0.3275028935185185 0.3181423611111111 0.026880787037037 0.033723958333333304
7 0.5003327546296297 0.2675347222222222 0.03233506944444442 0.02994791666666674
8 0.5821614583333333 0.2676649305555555 0.032132523148148184 0.02799479166666674