4 0.2800491898148148 0.3476996527777778 0.04593460648148151 0.020529513888888795
4 0.20007233796296298 0.3514322916666667 0.04593460648148151 0.020529513888888906
3 0.12194733796296296 0.3531684027777778 0.04593460648148148 0.020529513888888906
5 0.36002604166666663 0.34396701388888884 0.023104745370370328 0.03172743055555549
3 0.5221354166666667 0.3403645833333333 0.0459346064814814 0.020529513888888795
2 0.27741608796296297 0.29691840277777776 0.03266782407407409 0.028038194444444442
5 0.44205729166666663 0.3421440972222222 0.023104745370370328 0.0317274305555556
6 0.35749421296296297 0.2951388888888889 0.028761574074074092 0.02795138888888893
0 0.11746238425925926 0.30438368055555554 0.028761574074074092 0.02795138888888893
7 0.43952546296296297 0.2933159722222222 0.028761574074074092 0.02795138888888893
8 0.519603587962963 0.2915364583333333 0.02876157407407387 0.02795138888888893
1 0.19754050925925926 0.3026041666666667 0.028761574074074092 0.02795138888888893