2 0.5171440972222222 0.16587094907407407 0.049421296296296324 0.04644097222222221
3 0.6333767361111111 0.23893229166666666 0.06216724537037033 0.031828703703703665
4 0.3877459490740741 0.24934895833333331 0.06423611111111116 0.03392650462962965
3 0.8593605324074074 0.23191550925925924 0.05435474537037033 0.03125
4 0.7482638888888888 0.23625578703703703 0.05826099537037033 0.03153935185185186
0 0.2601417824074074 0.17129629629629628 0.053327546296296324 0.04673032407407407
5 0.5126302083333334 0.24204282407407407 0.036212384259259434 0.0532407407407407
5 0.2555121527777778 0.2494212962962963 0.040234375000000044 0.055483217592592615
6 0.6377748842592592 0.16471354166666666 0.04137731481481488 0.041956018518518545
1 0.3924913194444445 0.16927083333333331 0.045515046296296324 0.04615162037037035
7 0.7544994212962963 0.1638454861111111 0.04137731481481488 0.04195601851851849
8 0.863527199074074 0.16160300925925924 0.04137731481481488 0.04195601851851849