4 0.341796875 0.35546875 0.041015625 0.01953125
3 0.419921875 0.35546875 0.041015625 0.01953125
6 0.57421875 0.310546875 0.025390625 0.02734375
4 0.57421875 0.357421875 0.037109375 0.015625
7 0.65234375 0.310546875 0.02734375 0.02734375
5 0.724609375 0.359375 0.01953125 0.03125
1 0.419921875 0.30859375 0.02734375 0.02734375
3 0.65234375 0.359375 0.041015625 0.01953125
5 0.498046875 0.35546875 0.021484375 0.03125
2 0.49609375 0.30859375 0.03125 0.025390625
0 0.33984375 0.30859375 0.03125 0.02734375
8 0.7265625 0.3125 0.02734375 0.025390625