3 0.19288194444444445 0.2772135416666667 0.06924189814814818 0.030295138888888906
4 0.6924768518518518 0.2588975694444444 0.061429398148148184 0.02994791666666674
4 0.5674768518518518 0.264453125 0.061429398148148184 0.02994791666666663
3 0.06592881944444444 0.2828559027777778 0.06533564814814816 0.030121527777777768
5 0.3198350694444444 0.27157118055555557 0.03631365740740744 0.050217013888888884
1 0.202734375 0.2009548611111111 0.04526909722222222 0.042838541666666674
2 0.327734375 0.19539930555555557 0.049175347222222276 0.04301215277777781
5 0.4448350694444444 0.266015625 0.03631365740740744 0.050217013888888884
0 0.07403067129629629 0.20473090277777778 0.0495804398148148 0.04691840277777776
6 0.452734375 0.18984374999999998 0.049175347222222276 0.04301215277777781
7 0.5753761574074074 0.18828125 0.049175347222222054 0.04301215277777781
8 0.7003761574074074 0.18272569444444445 0.049175347222222054 0.04301215277777776