0 0.18463541666666666 0.1480034722222222 0.05772569444444442 0.03132233796296291
4 0.6173321759259259 0.24833622685185186 0.07180266203703711 0.03573495370370372
3 0.3245659722222222 0.23553240740740738 0.07530381944444442 0.03197337962962965
3 0.9044415509259259 0.25896990740740744 0.07766203703703711 0.03595196759259256
5 0.4712528935185185 0.23900462962962965 0.03927951388888884 0.05982349537037035
4 0.7599103009259259 0.25361689814814814 0.07180266203703711 0.03573495370370372
5 0.1765335648148148 0.2261284722222222 0.04082754629629626 0.05598958333333337
2 0.4795572916666667 0.15892650462962962 0.05577256944444442 0.03125
6 0.6240885416666666 0.1642795138888889 0.05186631944444464 0.03110532407407407
1 0.33502604166666666 0.15357349537037038 0.05186631944444442 0.03110532407407407
7 0.7684172453703704 0.17158564814814814 0.05813078703703711 0.03522858796296291
8 0.9149016203703704 0.17701099537037038 0.05227141203703711 0.03501157407407407