3 0.4371672453703703 0.26236979166666663 0.07594039351851856 0.03815104166666661
4 0.5773871527777777 0.27955729166666665 0.07203414351851856 0.037890624999999956
4 0.7079427083333334 0.294140625 0.06617476851851833 0.03749999999999998
1 0.2933883101851852 0.16263020833333333 0.056409143518518556 0.03684895833333335
3 0.2890335648148148 0.24661458333333333 0.07594039351851856 0.03815104166666666
7 0.7142505787037037 0.21028645833333334 0.04930555555555571 0.04999999999999999
0 0.13538773148148148 0.14817708333333335 0.06196469907407409 0.031380208333333326
2 0.4396701388888889 0.17630208333333333 0.053009259259259256 0.04635416666666664
6 0.5799913194444444 0.19153645833333333 0.04930555555555571 0.050000000000000044
8 0.8408998842592592 0.224609375 0.04539930555555571 0.04973958333333334
5 0.13328993055555555 0.22643229166666667 0.04024884259259259 0.0630208333333333
5 0.8365451388888889 0.30859375 0.03388310185185173 0.052864583333333326