0 0.5187789351851851 0.296875 0.035431134259259256 0.02734375
1 0.5988570601851853 0.296875 0.0357494212962961 0.03125
2 0.6768229166666666 0.298828125 0.03786168981481497 0.033203125
6 0.7588541666666666 0.298828125 0.02973090277777768 0.029296875
7 0.8330729166666666 0.298828125 0.02973090277777768 0.029296875
8 0.9128327546296297 0.302734375 0.031843171296296324 0.03125
4 0.5128472222222222 0.345703125 0.04097222222222219 0.0234375
3 0.5948784722222222 0.345703125 0.04456018518518512 0.01953125
5 0.6728443287037037 0.34765625 0.026461226851851816 0.037109375
5 0.9070601851851852 0.349609375 0.020442708333333393 0.03515625
4 0.7530815972222222 0.345703125 0.04456018518518512 0.01953125
3 0.8273003472222222 0.345703125 0.04456018518518512 0.01953125