4 0.546875 0.330078125 0.05078125 0.021484375
3 0.84375 0.314453125 0.056640625 0.021484375
4 0.953125 0.30859375 0.056640625 0.021484375
3 0.638671875 0.326171875 0.046875 0.021484375
0 0.458984375 0.28125 0.03125 0.03125
5 0.4609375 0.333984375 0.021484375 0.037109375
5 0.740234375 0.318359375 0.025390625 0.037109375
1 0.546875 0.2734375 0.03125 0.03515625
2 0.638671875 0.267578125 0.03515625 0.03515625
6 0.73828125 0.259765625 0.03515625 0.03125
7 0.84375 0.251953125 0.037109375 0.03515625
8 0.95703125 0.244140625 0.04296875 0.037109375