4 0.6648582175925926 0.2911458333333333 0.0625723379629628 0.031380208333333326
4 0.2777054398148148 0.25950520833333335 0.06676793981481477 0.03554687499999998
3 0.4067563657407407 0.2700520833333333 0.06647858796296302 0.03164062500000009
3 0.5358072916666667 0.28059895833333337 0.07067418981481488 0.03580729166666674
6 0.6571180555555556 0.212890625 0.04796006944444442 0.04401041666666666
5 0.7880497685185186 0.3013020833333333 0.03696469907407396 0.05299479166666665
5 0.9110966435185186 0.30950520833333334 0.03501157407407396 0.052864583333333326
0 0.26786747685185186 0.17916666666666664 0.05425347222222221 0.050260416666666696
8 0.9055989583333334 0.23528645833333334 0.04796006944444442 0.04401041666666672
2 0.5300202546296297 0.20247395833333334 0.05020254629629628 0.04804687499999999
1 0.4008246527777778 0.18997395833333333 0.04824942129629628 0.04791666666666666
7 0.7803096064814815 0.223046875 0.04796006944444442 0.04401041666666666