0 0.5833188657407408 0.2926070601851852 0.034924768518518556 0.035170717592592604
1 0.6691550925925926 0.2855613425925926 0.03287037037037033 0.03310185185185177
2 0.7511863425925926 0.2807002314814815 0.040784143518518334 0.03551793981481488
6 0.8350694444444444 0.2737702546296297 0.033072916666666785 0.03700810185185177
7 0.9169994212962963 0.2669560185185185 0.03287037037037033 0.03310185185185188
8 0.9922743055555556 0.26393229166666665 0.01545138888888875 0.03700810185185188
3 0.5858506944444445 0.34143518518518523 0.04212962962962963 0.02391493055555549
4 0.6678819444444445 0.3365740740740741 0.04603587962962963 0.024146412037037046
4 0.7538194444444444 0.3314814814814815 0.04613715277777786 0.026099537037037046
5 0.8357494212962964 0.3246672453703704 0.0235098379629628 0.04033564814814805
5 0.9197337962962964 0.3196903935185185 0.0254629629629628 0.040451388888888884
3 0.9918655960648148 0.31482928240740743 0.016268807870370328 0.019661458333333326