3 0.503978587962963 0.4077690972222222 0.029499421296296457 0.01410590277777779
3 0.22858796296296297 0.4036892361111111 0.02949942129629629 0.01410590277777779
4 0.28327546296296297 0.4044994212962963 0.029499421296296346 0.01410590277777779
4 0.33796296296296297 0.4053096064814815 0.029499421296296346 0.014105902777777679
8 0.5034577546296296 0.3726128472222222 0.021860532407407485 0.02570891203703707
7 0.44874131944444445 0.36984953703703705 0.02180266203703707 0.02180266203703707
6 0.3940827546296296 0.3709924768518519 0.01982060185185186 0.01982060185185186
5 0.44929108796296297 0.40695891203703705 0.016001157407407374 0.025622106481481444
0 0.22809606481481481 0.37048611111111107 0.021802662037037013 0.02180266203703707
5 0.39265046296296297 0.4061197916666667 0.016001157407407374 0.025622106481481444
1 0.2827835648148148 0.3712962962962963 0.02180266203703707 0.02180266203703707
2 0.3374710648148148 0.3721064814814815 0.02180266203703707 0.02180266203703707