3 0.5352864583333333 0.24992766203703703 0.06701388888888893 0.0298032407407407
4 0.6585069444444445 0.25318287037037035 0.05529513888888893 0.02936921296296302
3 0.7698784722222223 0.2510127314814815 0.05920138888888893 0.02951388888888884
4 0.27725694444444443 0.24971064814814814 0.06896701388888893 0.02987557870370372
0 0.13467881944444443 0.16702835648148148 0.055685763888888906 0.046947337962962965
5 0.13841145833333335 0.24703414351851855 0.038324652777777746 0.05606192129629628
2 0.4084201388888889 0.17057291666666666 0.049826388888888906 0.04673032407407407
5 0.41019965277777776 0.25065104166666663 0.03628472222222223 0.05208333333333326
6 0.535546875 0.17368344907407407 0.04192708333333339 0.04253472222222221
1 0.2754340277777778 0.16767939814814814 0.045920138888888795 0.04658564814814814
8 0.7721788194444444 0.17860243055555555 0.03802083333333339 0.04239004629629628
7 0.6548177083333333 0.17513020833333331 0.04592013888888902 0.04658564814814814