0 0.017578125 0.2802734375 0.03515625 0.037109375
4 0.021484375 0.3359375 0.041015625 0.025390625
3 0.109375 0.34375 0.048828125 0.025390625
1 0.11328125 0.29296875 0.03515625 0.03515625
2 0.197265625 0.302734375 0.03515625 0.03125
5 0.197265625 0.3515625 0.0234375 0.0390625
6 0.27734375 0.3125 0.02734375 0.033203125
4 0.27734375 0.359375 0.0390625 0.0234375
7 0.349609375 0.3203125 0.029296875 0.03125
3 0.349609375 0.365234375 0.03515625 0.021484375
8 0.4140625 0.330078125 0.02734375 0.033203125
5 0.4140625 0.369140625 0.021484375 0.0390625