3 0.6824652777777778 0.314453125 0.059114583333333304 0.0234375
4 0.46002604166666666 0.3046875 0.05920138888888893 0.02734375
4 0.7898003472222223 0.318359375 0.05138888888888893 0.02734375
5 0.5751736111111111 0.30859375 0.02842881944444442 0.048828125
3 0.8912760416666667 0.322265625 0.05138888888888893 0.02734375
2 0.5766927083333333 0.240234375 0.04192708333333339 0.041015625
5 0.34097222222222223 0.30078125 0.03237847222222223 0.05078125
0 0.34253472222222225 0.23046875 0.04583333333333339 0.041015625
6 0.6840277777777778 0.244140625 0.03793402777777777 0.037109375
1 0.4615885416666667 0.234375 0.03793402777777777 0.037109375
8 0.8927517361111111 0.255859375 0.03793402777777777 0.037109375
7 0.7912760416666667 0.251953125 0.03793402777777777 0.037109375