0 0.109375 0.248046875 0.052734375 0.04296875
4 0.109375 0.310546875 0.05859375 0.03125
3 0.21484375 0.3203125 0.0546875 0.03125
1 0.216796875 0.26171875 0.041015625 0.04296875
2 0.30859375 0.275390625 0.037109375 0.0390625
5 0.310546875 0.330078125 0.02734375 0.044921875
6 0.392578125 0.287109375 0.03125 0.041015625
4 0.392578125 0.341796875 0.044921875 0.025390625
7 0.466796875 0.298828125 0.033203125 0.03515625
3 0.46875 0.349609375 0.041015625 0.02734375
5 0.53515625 0.35546875 0.0234375 0.0390625
8 0.53515625 0.306640625 0.02734375 0.037109375