3 0.439453125 0.326171875 0.046875 0.015625
4 0.798828125 0.326171875 0.046875 0.015625
4 0.884765625 0.330078125 0.04296875 0.015625
3 0.619140625 0.326171875 0.04296875 0.015625
5 0.52734375 0.32421875 0.025390625 0.03125
5 0.70703125 0.32421875 0.025390625 0.03125
2 0.61328125 0.287109375 0.03515625 0.025390625
7 0.78515625 0.2890625 0.03125 0.021484375
8 0.873046875 0.291015625 0.03515625 0.025390625
0 0.439453125 0.287109375 0.03515625 0.025390625
1 0.52734375 0.287109375 0.037109375 0.025390625
6 0.69921875 0.287109375 0.03125 0.025390625