4 0.4765625 0.39453125 0.02734375 0.01171875
4 0.42578125 0.396484375 0.02734375 0.015625
3 0.33203125 0.40234375 0.025390625 0.015625
0 0.2890625 0.37109375 0.015625 0.021484375
5 0.529296875 0.390625 0.015625 0.025390625
2 0.37890625 0.365234375 0.01953125 0.025390625
1 0.33203125 0.3671875 0.015625 0.021484375
3 0.376953125 0.3984375 0.02734375 0.015625
7 0.474609375 0.357421875 0.01953125 0.021484375
8 0.529296875 0.353515625 0.021484375 0.025390625
6 0.42578125 0.361328125 0.01953125 0.021484375
5 0.291015625 0.40234375 0.01171875 0.025390625