0 0.3891203703703704 0.3623119212962963 0.021860532407407485 0.025549768518518534
1 0.4418547453703704 0.3619212962962963 0.021860532407407485 0.025549768518518423
2 0.49263599537037034 0.3615451388888889 0.025766782407407374 0.025578703703703742
6 0.5434172453703703 0.36116898148148147 0.021860532407407263 0.025549768518518534
7 0.5961226851851852 0.3627314814814815 0.025766782407407485 0.025578703703703742
8 0.6449797453703703 0.36041666666666666 0.02384259259259247 0.027517361111111138
3 0.3886574074074074 0.3935619212962963 0.03153935185185186 0.019762731481481444
5 0.4394386574074074 0.3931857638888889 0.01801215277777779 0.029427083333333326
4 0.4940972222222222 0.39473379629629635 0.02958622685185186 0.01974826388888884
4 0.5448784722222222 0.39435763888888886 0.03156828703703707 0.021715856481481444
5 0.5956597222222222 0.3939814814814815 0.02188946759259247 0.027502893518518534
3 0.6464409722222222 0.3936053240740741 0.029557291666666652 0.01779513888888884