3 0.43676215277777775 0.3817997685185185 0.036082175925926 0.016145833333333304
4 0.639771412037037 0.3867621527777778 0.039988425925926 0.01620370370370372
3 0.708130787037037 0.38777488425925927 0.036082175925926 0.016145833333333304
4 0.573365162037037 0.3857783564814815 0.036082175925926 0.016145833333333304
5 0.5051215277777779 0.3828125 0.021383101851851993 0.03153935185185186
2 0.5055989583333333 0.3417679398148148 0.026895254629629495 0.025766782407407485
8 0.7105613425925925 0.34675925925925927 0.026895254629629495 0.025766782407407374
7 0.6442708333333333 0.34382233796296297 0.026895254629629495 0.025766782407407374
5 0.36656539351851847 0.3788049768518519 0.02126736111111116 0.02958622685185186
1 0.43919270833333335 0.3407841435185185 0.026895254629629606 0.025766782407407485
6 0.5739583333333333 0.3427806712962963 0.022989004629629495 0.02570891203703707
0 0.36704282407407407 0.3377604166666667 0.030570023148148162 0.02191840277777779
1 0.010040509259259261 0.4243489583333333 0.014597800925925924 0.015827546296296235
8 0.09918981481481481 0.4373987268518519 0.014829282407407385 0.019733796296296235
8 0.0018916377314814829 0.43190104166666665 0.0037832754629629657 0.03547453703703707
8 0.0798900462962963 0.433203125 0.014597800925925913 0.015827546296296235
8 0.055989583333333336 0.44066840277777775 0.01793981481481481 0.039293981481481444
8 0.032783564814814814 0.4364149305555556 0.017476851851851855 0.031481481481481444