4 0.765625 0.25390625 0.0625 0.02734375
3 0.36328125 0.244140625 0.068359375 0.03125
4 0.63671875 0.251953125 0.06640625 0.02734375
5 0.5 0.248046875 0.03125 0.052734375
3 0.89453125 0.255859375 0.06640625 0.03125
5 0.220703125 0.240234375 0.03515625 0.056640625
2 0.5 0.1640625 0.05078125 0.046875
6 0.63671875 0.16796875 0.046875 0.04296875
0 0.220703125 0.158203125 0.05078125 0.04296875
1 0.36328125 0.16015625 0.046875 0.046875
8 0.896484375 0.17578125 0.04296875 0.04296875
7 0.767578125 0.171875 0.046875 0.04296875