4 0.5414930555555555 0.35724826388888886 0.035503472222222054 0.016666666666666607
4 0.6058593750000001 0.3514322916666667 0.03559027777777768 0.020572916666666607
0 0.36710069444444443 0.3370081018518518 0.022048611111111116 0.026027199074074137
4 0.4810329861111111 0.3629484953703703 0.031597222222222276 0.016550925925925997
1 0.42165798611111116 0.3295283564814815 0.02196180555555549 0.022120949074074137
4 0.4225260416666667 0.3685908564814815 0.027604166666666652 0.012528935185185164
5 0.6760416666666667 0.34348958333333335 0.020312499999999956 0.03573495370370372
5 0.36987847222222225 0.3740596064814815 0.01627604166666674 0.029759837962962887
2 0.47821180555555554 0.32394386574074074 0.022048611111111116 0.026027199074074026
6 0.5405815972222222 0.31623263888888886 0.022048611111111116 0.026027199074074137
8 0.6750434027777777 0.29856770833333335 0.025954861111111116 0.026142939814814747
7 0.6048611111111111 0.3065104166666667 0.025954861111111116 0.026142939814814747