3 0.5736834490740741 0.3617042824074074 0.04412615740740744 0.020167824074074137
3 0.1811053240740741 0.3558883101851852 0.04412615740740744 0.020167824074074026
4 0.2572771990740741 0.3570167824074074 0.04217303240740744 0.02013888888888893
4 0.3354021990740741 0.35817418981481486 0.04217303240740744 0.02013888888888893
0 0.17430555555555555 0.30700231481481477 0.03287037037037033 0.027806712962962887
7 0.4905960648148148 0.30973668981481484 0.028848379629629606 0.025795717592592582
5 0.4934895833333333 0.35856481481481484 0.023567708333333326 0.03547453703703707
8 0.5726273148148149 0.3109519675925926 0.028848379629629495 0.025795717592592582
6 0.4125868055555556 0.3105324074074074 0.027010995370370328 0.027719907407407485
5 0.4153645833333333 0.3574074074074074 0.023567708333333326 0.03547453703703707
1 0.2543836805555556 0.3081886574074074 0.028964120370370328 0.027748842592592582
2 0.3325086805555556 0.3093460648148148 0.028964120370370328 0.027748842592592582