7 0.46809895833333337 0.26002604166666665 0.031553819444444464 0.02734375
1 0.22022569444444445 0.274609375 0.03190104166666663 0.03125
3 0.21375868055555555 0.32552083333333337 0.046657986111111105 0.022526041666666607
0 0.13233506944444445 0.28046875 0.03776041666666663 0.03164062499999998
2 0.30030381944444445 0.26927083333333335 0.03190104166666663 0.03125
6 0.38606770833333337 0.2654947916666667 0.03190104166666674 0.03125
5 0.5434895833333333 0.307421875 0.026562500000000044 0.03671875000000002
5 0.2977430555555556 0.319921875 0.026562500000000044 0.03671874999999991
4 0.3797743055555556 0.314453125 0.04470486111111116 0.022395833333333393
3 0.46163194444444444 0.3109375 0.050911458333333326 0.02669270833333326
4 0.12799479166666666 0.32929687500000004 0.046310763888888884 0.018619791666666607
8 0.5460503472222222 0.25677083333333334 0.03190104166666674 0.03125