4 0.279296875 0.341796875 0.041015625 0.0234375
3 0.3515625 0.337890625 0.041015625 0.021484375
4 0.513671875 0.3203125 0.046875 0.021484375
3 0.607421875 0.3125 0.052734375 0.025390625
7 0.60546875 0.24609375 0.037109375 0.037109375
5 0.427734375 0.32421875 0.025390625 0.037109375
8 0.7109375 0.232421875 0.041015625 0.041015625
6 0.51171875 0.26171875 0.03125 0.03515625
5 0.7109375 0.30078125 0.02734375 0.04296875
2 0.427734375 0.271484375 0.03125 0.03125
1 0.349609375 0.28125 0.025390625 0.03125
0 0.27734375 0.291015625 0.025390625 0.03125