3 0.388671875 0.23488136574074073 0.0703125 0.032552083333333315
4 0.787109375 0.21317997685185186 0.060546875 0.03378182870370372
4 0.658203125 0.21882233796296297 0.0625 0.03392650462962965
5 0.525390625 0.22670717592592593 0.033203125 0.0551938657407407
3 0.91015625 0.2060185185185185 0.06640625 0.03226273148148151
2 0.5234375 0.14677372685185186 0.046875 0.04644097222222221
0 0.248046875 0.1574074074074074 0.05078125 0.05063657407407407
6 0.65625 0.1388888888888889 0.046875 0.04644097222222221
1 0.390625 0.15075231481481483 0.046875 0.05034722222222221
5 0.25 0.24124710648148148 0.033203125 0.055193865740740755
8 0.9140625 0.12760416666666666 0.046875 0.04644097222222221
7 0.78515625 0.1332465277777778 0.04296875 0.04615162037037035
7 0.005859375 0.4233940972222222 0.009765625 0.01830150462962965
4 0.005859375 0.4448784722222222 0.009765625 0.01048900462962965