0 0.11821469907407407 0.4027488425925926 0.020543981481481483 0.02068865740740744
1 0.16303530092592594 0.40736400462962963 0.02054398148148151 0.02068865740740744
2 0.2079571759259259 0.4100260416666667 0.020645254629629628 0.02264178240740744
6 0.25102719907407406 0.410619212962963 0.018692129629629628 0.022526041666666607
7 0.29584780092592594 0.41523437500000004 0.018692129629629628 0.022526041666666607
8 0.34076967592592594 0.41789641203703703 0.020645254629629628 0.02264178240740744
3 0.11669560185185185 0.4320457175925926 0.024348958333333337 0.018967013888888884
3 0.16161747685185185 0.43470775462962963 0.028255208333333337 0.019198495370370328
5 0.206640625 0.4354166666666667 0.01694155092592592 0.026316550925925997
5 0.24765625 0.4378472222222222 0.01694155092592592 0.026316550925925886
4 0.29453125 0.440625 0.0264033564814814 0.021035879629629606
4 0.33739872685185185 0.44512442129629626 0.026200810185185164 0.017129629629629717