0 0.013603153935185184 0.2921730324074074 0.02720630787037037 0.0341869212962963
1 0.09677372685185184 0.29477719907407407 0.03664641203703706 0.0341869212962963
2 0.17880497685185187 0.2972077546296296 0.03684895833333335 0.0361400462962963
6 0.26103877314814816 0.29768518518518516 0.03624131944444442 0.030280671296296302
7 0.34892939814814816 0.30028935185185185 0.03920717592592593 0.04010416666666672
8 0.43291377314814816 0.3027777777777778 0.03233506944444442 0.03016493055555558
5 0.25752314814814814 0.3504774305555556 0.027285879629629584 0.03780381944444444
5 0.33975694444444443 0.3509548611111111 0.02748842592592593 0.03975694444444444
3 0.42764756944444443 0.35355902777777776 0.049103009259259256 0.022873263888888884
3 0.011979166666666666 0.34490740740740744 0.02395833333333333 0.02068865740740744
4 0.08935185185185185 0.3474537037037037 0.044994212962962965 0.020804398148148162
4 0.17333622685185185 0.3499421296296297 0.051056134259259256 0.0229311342592593