0 0.0078125 0.361328125 0.015625 0.02734375
1 0.0546875 0.369140625 0.0234375 0.021484375
2 0.099609375 0.373046875 0.021484375 0.0234375
6 0.140625 0.37890625 0.015625 0.01953125
7 0.177734375 0.38671875 0.021484375 0.0234375
8 0.2109375 0.392578125 0.015625 0.01953125
5 0.0078125 0.39453125 0.01171875 0.029296875
4 0.052734375 0.400390625 0.02734375 0.015625
5 0.1015625 0.404296875 0.01953125 0.025390625
3 0.140625 0.41015625 0.0234375 0.015625
4 0.17578125 0.412109375 0.017578125 0.015625
3 0.2109375 0.419921875 0.017578125 0.015625
0 0.947265625 0.4140625 0.015625 0.021484375
1 0.986328125 0.412109375 0.021484375 0.0234375