5 0.5234375 0.390625 0.015625 0.025390625
8 0.69921875 0.35546875 0.021484375 0.021484375
5 0.404296875 0.390625 0.015625 0.025390625
3 0.46484375 0.390625 0.03515625 0.01171875
4 0.58203125 0.392578125 0.03125 0.015625
2 0.521484375 0.35546875 0.025390625 0.021484375
6 0.58203125 0.35546875 0.021484375 0.021484375
3 0.697265625 0.392578125 0.03125 0.015625
7 0.640625 0.35546875 0.021484375 0.021484375
0 0.40234375 0.35546875 0.025390625 0.021484375
1 0.46484375 0.35546875 0.021484375 0.021484375
4 0.640625 0.392578125 0.03125 0.015625
8 0.09765625 0.439453125 0.01171875 0.02734375
1 0.07421875 0.427734375 0.01171875 0.01171875
8 0.052734375 0.42578125 0.01171875 0.01171875
8 0.1171875 0.44140625 0.015625 0.03125
8 0.154296875 0.4375 0.009765625 0.01953125
8 0.126953125 0.431640625 0.021484375 0.01953125
8 0.052734375 0.41796875 0.01953125 0.01171875
8 0.150390625 0.431640625 0.01953125 0.01171875
8 0.099609375 0.42578125 0.01953125 0.015625
8 0.087890625 0.4296875 0.01953125 0.021484375
8 0.109375 0.431640625 0.025390625 0.025390625
8 0.138671875 0.447265625 0.015625 0.01953125
8 0.060546875 0.435546875 0.02734375 0.041015625
8 0.052734375 0.4453125 0.01171875 0.021484375