3 0.236646412037037 0.3763888888888889 0.028052662037037046 0.014482060185185164
4 0.29328703703703707 0.37471064814814814 0.031958912037036935 0.014597800925925997
3 0.5218026620370371 0.36793981481481486 0.031958912037036935 0.014597800925925997
4 0.35188078703703707 0.37297453703703703 0.031958912037036935 0.014597800925925886
8 0.5199797453703703 0.3327835648148148 0.024652777777777857 0.024131944444444442
0 0.2348234953703704 0.3412326388888889 0.024652777777777746 0.024131944444444442
6 0.4066984953703704 0.3361400462962963 0.020746527777777857 0.02401620370370372
7 0.4613859953703704 0.3345196759259259 0.024652777777777857 0.024131944444444442
5 0.40656828703703707 0.37135416666666665 0.018995949074074092 0.027864583333333304
5 0.46320891203703707 0.3696759259259259 0.018995949074074092 0.027864583333333304
2 0.3481047453703704 0.3378761574074074 0.028559027777777857 0.024247685185185164
2 0.2914641203703704 0.33955439814814814 0.024652777777777857 0.024131944444444442