0 0.40234375 0.28125 0.02734375 0.03125
6 0.671875 0.263671875 0.03125 0.03515625
2 0.576171875 0.26953125 0.03515625 0.03515625
7 0.7734375 0.25390625 0.03515625 0.03515625
8 0.8828125 0.24609375 0.041015625 0.037109375
5 0.40234375 0.337890625 0.025390625 0.0390625
4 0.490234375 0.33203125 0.048828125 0.0234375
3 0.580078125 0.328125 0.0546875 0.0234375
5 0.671875 0.3203125 0.025390625 0.041015625
3 0.775390625 0.31640625 0.056640625 0.021484375
4 0.880859375 0.310546875 0.056640625 0.021484375
1 0.48828125 0.27734375 0.03125 0.03515625