0 0.12288773148148147 0.2786747685185185 0.027560763888888895 0.030714699074074092
1 0.20104166666666667 0.2707175925925926 0.029542824074074048 0.03472222222222221
2 0.28508391203703703 0.2585503472222222 0.029542824074074048 0.03472222222222221
6 0.37300347222222224 0.2500868055555555 0.033478009259259256 0.038831018518518556
7 0.4629050925925926 0.23761574074074077 0.03736979166666665 0.03708043981481479
8 0.560619212962963 0.22473958333333333 0.03344907407407405 0.034924768518518556
5 0.12249710648148149 0.3314091435185185 0.019806134259259256 0.03812210648148151
4 0.2006221064814815 0.3273582175925926 0.04311342592592593 0.021759259259259256
3 0.2846498842592593 0.3171440972222222 0.04314236111111103 0.025665509259259256
5 0.37063078703703706 0.30682870370370374 0.02372685185185186 0.04027777777777786
3 0.4624565972222222 0.29816261574074077 0.04900173611111114 0.02596932870370372
4 0.56015625 0.2872395833333333 0.054890046296296235 0.030179398148148184