0 0.062109374999999994 0.2782118055555556 0.03394097222222223 0.03467881944444451
1 0.15004340277777778 0.2723524305555556 0.0339409722222222 0.03467881944444451
2 0.23398437500000002 0.27057291666666666 0.03402777777777777 0.0385850694444444
6 0.3180121527777778 0.26488715277777775 0.03385416666666663 0.03077256944444451
7 0.4039496527777778 0.2610677083333333 0.03602430555555558 0.04062500000000002
8 0.4879340277777778 0.25733506944444445 0.02994791666666663 0.03059895833333337
5 0.3187934027777778 0.31753472222222223 0.024262152777777768 0.03815104166666661
5 0.40086805555555555 0.3119357638888889 0.02430555555555558 0.04010416666666661
3 0.4887586805555556 0.3080295138888889 0.04735243055555549 0.023567708333333326
3 0.062890625 0.33085937499999996 0.03949652777777779 0.02126736111111116
4 0.146875 0.3271267361111111 0.04340277777777779 0.021440972222222188
4 0.2328125 0.3233072916666667 0.04930555555555555 0.02365451388888884