0 0.13899016203703704 0.3096788194444444 0.03344907407407405 0.03394097222222214
1 0.21707175925925926 0.3055555555555556 0.029542824074074048 0.03385416666666674
6 0.38689236111111114 0.29565972222222225 0.029542824074074048 0.03385416666666674
7 0.4805844907407407 0.2899305555555556 0.03735532407407405 0.03402777777777777
8 0.5801359953703704 0.28433159722222223 0.037384259259259256 0.03793402777777777
4 0.21747685185185184 0.3602430555555556 0.04314236111111114 0.024392361111111205
3 0.29947916666666663 0.35815972222222225 0.04704861111111103 0.024479166666666607
3 0.4810474537037037 0.3524305555555556 0.05095486111111103 0.024565972222222232
4 0.5825665509259259 0.34882812500000004 0.05292245370370363 0.026562500000000044
2 0.2990451388888889 0.29956597222222225 0.03344907407407405 0.03394097222222214
5 0.13938078703703705 0.3624131944444444 0.025723379629629672 0.045486111111111116
5 0.3892939814814815 0.35625 0.03356481481481477 0.049565972222222254