3 0.3720341435185185 0.30244502314814814 0.0635127314814814 0.02965856481481488
4 0.6259403935185186 0.31184895833333337 0.0635127314814814 0.02965856481481488
4 0.7510127314814814 0.31843171296296297 0.0635127314814814 0.02965856481481477
1 0.498046875 0.22909432870370372 0.04253472222222232 0.04253472222222221
5 0.4989149305555556 0.3051938657407407 0.033203125 0.05389178240740744
0 0.36906828703703703 0.22236689814814814 0.05034722222222221 0.04282407407407407
5 0.8739872685185186 0.32103587962962965 0.03305844907407396 0.04998553240740744
3 0.9807219328703703 0.3271484375 0.0385561342592593 0.02915219907407407
2 0.62109375 0.23365162037037035 0.04644097222222232 0.04267939814814814
8 0.9860206886574074 0.25122974537037035 0.02795862268518512 0.04231770833333326
6 0.748046875 0.23835358796296297 0.04253472222222232 0.04253472222222221
7 0.871166087962963 0.24486400462962965 0.04658564814814836 0.04658564814814814