2 0.2890625 0.373046875 0.01953125 0.021484375
6 0.33203125 0.376953125 0.01953125 0.0234375
3 0.2890625 0.40625 0.021484375 0.01171875
4 0.33203125 0.408203125 0.025390625 0.015625
5 0.1953125 0.39453125 0.01171875 0.025390625
7 0.369140625 0.3828125 0.015625 0.01953125
1 0.24609375 0.3671875 0.01953125 0.021484375
4 0.369140625 0.4140625 0.021484375 0.01171875
3 0.244140625 0.400390625 0.025390625 0.015625
0 0.1953125 0.359375 0.01953125 0.01953125
5 0.404296875 0.416015625 0.013671875 0.0234375