0 0.11328125 0.34375 0.02734375 0.02734375
1 0.17578125 0.341796875 0.0234375 0.025390625
2 0.236328125 0.33984375 0.025390625 0.02734375
6 0.298828125 0.33984375 0.025390625 0.029296875
7 0.361328125 0.3359375 0.025390625 0.025390625
8 0.4296875 0.3359375 0.025390625 0.02734375
4 0.115234375 0.384765625 0.03125 0.021484375
3 0.17578125 0.3828125 0.03125 0.0234375
5 0.236328125 0.37890625 0.017578125 0.03125
4 0.298828125 0.37890625 0.03125 0.021484375
3 0.361328125 0.37890625 0.037109375 0.01953125
5 0.427734375 0.375 0.017578125 0.03125