3 0.4453125 0.388671875 0.02734375 0.015625
3 0.541015625 0.396484375 0.025390625 0.01171875
4 0.333984375 0.3828125 0.03125 0.015625
4 0.49609375 0.39453125 0.02734375 0.015625
5 0.392578125 0.384765625 0.015625 0.025390625
5 0.26953125 0.376953125 0.01953125 0.02734375
1 0.33203125 0.341796875 0.021484375 0.021484375
2 0.388671875 0.34765625 0.021484375 0.021484375
0 0.26953125 0.337890625 0.025390625 0.025390625
7 0.494140625 0.357421875 0.01953125 0.021484375
8 0.541015625 0.36328125 0.01953125 0.021484375
6 0.4453125 0.35546875 0.021484375 0.021484375