1 0.42356770833333335 0.3984375 0.023394097222222188 0.021484375
7 0.5739583333333333 0.3984375 0.023394097222222188 0.021484375
8 0.6249131944444444 0.396484375 0.02339409722222241 0.021484375
2 0.47239583333333335 0.3984375 0.025347222222222188 0.021484375
0 0.37083333333333335 0.3984375 0.025347222222222188 0.021484375
6 0.5253038194444444 0.396484375 0.02339409722222241 0.021484375
5 0.6221354166666666 0.427734375 0.019661458333333215 0.0234375
3 0.4696180555555556 0.4296875 0.028559027777777857 0.013671875
4 0.5223524305555556 0.4296875 0.028559027777777857 0.013671875
4 0.3680555555555556 0.4296875 0.028559027777777857 0.013671875
5 0.5733072916666666 0.427734375 0.015755208333333215 0.0234375
3 0.4188368055555556 0.4296875 0.028559027777777857 0.013671875