8 0.697265625 0.361328125 0.025390625 0.021484375
5 0.52734375 0.39453125 0.01953125 0.025390625
0 0.4140625 0.361328125 0.021484375 0.021484375
5 0.4140625 0.39453125 0.015625 0.025390625
4 0.640625 0.39453125 0.03125 0.015625
6 0.58203125 0.361328125 0.021484375 0.021484375
7 0.638671875 0.361328125 0.021484375 0.021484375
3 0.47265625 0.39453125 0.03125 0.015625
3 0.6953125 0.396484375 0.02734375 0.01171875
4 0.583984375 0.39453125 0.03125 0.015625
2 0.52734375 0.361328125 0.021484375 0.021484375
1 0.47265625 0.361328125 0.025390625 0.021484375
1 0.08984375 0.4296875 0.01171875 0.015625
8 0.11328125 0.44140625 0.01171875 0.03125
8 0.16796875 0.44140625 0.01171875 0.01953125
8 0.1328125 0.44140625 0.015625 0.03515625
8 0.0703125 0.427734375 0.009765625 0.01171875
8 0.103515625 0.42578125 0.01953125 0.015625
8 0.16015625 0.43359375 0.01953125 0.015625
8 0.076171875 0.4453125 0.021484375 0.021484375