3 0.48046875 0.28515625 0.05859375 0.025390625
2 0.48046875 0.2109375 0.041015625 0.041015625
3 0.244140625 0.283203125 0.056640625 0.02734375
4 0.82421875 0.287109375 0.052734375 0.025390625
1 0.357421875 0.208984375 0.041015625 0.04296875
4 0.708984375 0.28515625 0.056640625 0.02734375
5 0.595703125 0.28515625 0.02734375 0.046875
0 0.236328125 0.20703125 0.046875 0.04296875
5 0.36328125 0.283203125 0.03125 0.046875
6 0.59765625 0.2109375 0.041015625 0.041015625
7 0.720703125 0.212890625 0.041015625 0.04296875
8 0.8359375 0.21484375 0.041015625 0.041015625