4 0.57421875 0.29296875 0.052734375 0.025390625
4 0.462890625 0.29296875 0.056640625 0.025390625
3 0.12109375 0.291015625 0.05859375 0.025390625
5 0.234375 0.291015625 0.03125 0.04296875
5 0.34765625 0.291015625 0.02734375 0.04296875
1 0.12109375 0.22265625 0.041015625 0.037109375
2 0.234375 0.22265625 0.037109375 0.037109375
3 0.015625 0.2890625 0.03125 0.009765625
7 0.4609375 0.224609375 0.041015625 0.037109375
8 0.57421875 0.224609375 0.041015625 0.037109375
6 0.34765625 0.22265625 0.041015625 0.037109375
0 0.01171875 0.2177734375 0.0234375 0.037109375