0 0.33676215277777777 0.4439525462962963 0.032060185185185164 0.028269675925925997
1 0.4070167824074074 0.44798900462962965 0.03016493055555558 0.03016493055555558
2 0.4753761574074074 0.45001446759259256 0.03016493055555558 0.03016493055555558
6 0.5476417824074074 0.4521556712962963 0.030107060185185386 0.02821180555555558
7 0.6140480324074074 0.4541232638888889 0.028153935185185386 0.028153935185185164
8 0.6843605324074074 0.45620659722222223 0.028211805555555358 0.030107060185185164
3 0.3354890046296296 0.4869212962962963 0.03585069444444444 0.024479166666666607
3 0.4058015046296296 0.48900462962962965 0.03768807870370372 0.020630787037037024
5 0.4761140046296296 0.491087962962963 0.02246817129629619 0.03383969907407414
5 0.5444733796296296 0.4931134259259259 0.022526041666666607 0.03579282407407414
4 0.6147858796296297 0.4951967592592592 0.03774594907407414 0.022583912037037024
4 0.6831452546296297 0.49722222222222223 0.03780381944444455 0.024537037037037024