6 0.47630208333333335 0.3307291666666667 0.029528356481481444 0.033203125
4 0.23188657407407406 0.3515625 0.04704861111111108 0.026562500000000044
7 0.5505063657407407 0.33763020833333335 0.02756076388888884 0.031119791666666674
8 0.6246672453703703 0.350390625 0.02951388888888884 0.03125
2 0.40015914351851856 0.3217447916666667 0.033434606481481444 0.03346354166666665
1 0.3181568287037037 0.3123697916666667 0.033434606481481444 0.03346354166666665
3 0.3158564814814815 0.35911458333333335 0.04701967592592593 0.022656250000000044
5 0.6223958333333334 0.39322916666666663 0.019777199074074048 0.03450520833333326
5 0.3978587962962963 0.3684895833333333 0.02567997685185186 0.04075520833333335
3 0.5501446759259259 0.38645833333333335 0.03922164351851842 0.02408854166666674
4 0.4740017361111111 0.3774739583333333 0.03920717592592593 0.02213541666666674
0 0.2322627314814815 0.30078125 0.0373553240740741 0.035677083333333304