4 0.4605034722222222 0.28988715277777777 0.048958333333333326 0.024826388888888884
3 0.551953125 0.28326099537037036 0.052864583333333215 0.024942129629629606
4 0.86875 0.25625 0.05907118055555549 0.029021990740740744
3 0.7581163194444445 0.2673611111111111 0.058723958333333215 0.025115740740740744
1 0.4552951388888889 0.23129340277777777 0.036154513888888906 0.0341869212962963
0 0.36419270833333334 0.24182581018518517 0.036154513888888906 0.0341869212962963
2 0.5485243055555555 0.22265625 0.03615451388888902 0.0341869212962963
7 0.7522135416666667 0.2009548611111111 0.04431423611111107 0.038324652777777746
5 0.6508680555555556 0.27249710648148145 0.027083333333333348 0.04171006944444444
6 0.6454861111111112 0.21195023148148148 0.04006076388888902 0.034302662037037024
5 0.3710069444444445 0.2964554398148148 0.02673611111111107 0.03780381944444444
8 0.8628472222222222 0.18984375 0.04661458333333335 0.04228877314814816