0 0.14453125 0.30859375 0.029296875 0.029296875
2 0.30078125 0.3046875 0.03125 0.02734375
1 0.22265625 0.3046875 0.02734375 0.02734375
6 0.380859375 0.3046875 0.03125 0.029296875
7 0.462890625 0.3046875 0.033203125 0.033203125
8 0.54296875 0.302734375 0.03515625 0.03125
5 0.37890625 0.3515625 0.021484375 0.03515625
5 0.4609375 0.3515625 0.021484375 0.03515625
3 0.5390625 0.353515625 0.041015625 0.01953125
4 0.22265625 0.353515625 0.041015625 0.01953125
3 0.14453125 0.353515625 0.037109375 0.01953125
4 0.30078125 0.353515625 0.041015625 0.01953125