4 0.5393229166666667 0.39890046296296294 0.034375000000000044 0.018561921296296302
2 0.64609375 0.35659722222222223 0.029296875 0.030107060185185164
3 0.6485677083333333 0.39370659722222223 0.034375000000000044 0.018561921296296302
7 0.7631510416666667 0.351171875 0.029296875 0.030107060185185164
6 0.7065104166666667 0.35285011574074077 0.029036458333333348 0.026200810185185164
3 0.5938802083333333 0.3953269675925926 0.03450520833333326 0.020515046296296302
4 0.7088541666666667 0.38800636574074077 0.03645833333333326 0.020572916666666607
8 0.8255208333333334 0.34736689814814814 0.027083333333333348 0.026142939814814747
0 0.5348958333333333 0.3618489583333333 0.029166666666666785 0.028153935185185164
1 0.5915364583333333 0.36017071759259256 0.029166666666666785 0.028153935185185164
5 0.7694010416666667 0.38621238425925924 0.021484375 0.02987557870370372
5 0.8278645833333333 0.38252314814814814 0.021354166666666785 0.02792245370370372