2 0.4686631944444445 0.32947048611111107 0.028385416666666607 0.024652777777777857
8 0.646484375 0.32352430555555556 0.024565972222222232 0.026432291666666607
7 0.5896701388888889 0.3221354166666667 0.024565972222222232 0.026432291666666607
3 0.409765625 0.3692708333333333 0.037890624999999956 0.019227430555555536
6 0.5292100694444445 0.3267795138888889 0.026519097222222232 0.026519097222222232
1 0.4100694444444445 0.3320746527777778 0.024479166666666607 0.024479166666666607
5 0.5914062499999999 0.3611979166666667 0.02083333333333348 0.03016493055555558
4 0.5328125 0.3638020833333333 0.032031249999999956 0.018967013888888884
5 0.6480468749999999 0.35868055555555556 0.01888020833333348 0.030078124999999956
4 0.351171875 0.37187499999999996 0.03407118055555558 0.02100694444444451
3 0.47039930555555554 0.36853298611111107 0.033984374999999956 0.01905381944444451
0 0.3495225694444445 0.33476562499999996 0.024479166666666607 0.024479166666666607