4 0.4593171296296296 0.32890625 0.04704861111111114 0.025520833333333326
3 0.5510850694444445 0.3290798611111111 0.05095486111111125 0.025694444444444464
4 0.867361111111111 0.3255642361111111 0.05684317129629646 0.029861111111111116
3 0.7580439814814814 0.328515625 0.05681423611111125 0.025954861111111116
1 0.4588831018518519 0.27031249999999996 0.03344907407407405 0.03467881944444451
0 0.3690972222222222 0.27413194444444444 0.03344907407407405 0.03467881944444451
2 0.5525896990740741 0.26861979166666666 0.03344907407407405 0.0346788194444444
7 0.7555989583333333 0.26202256944444446 0.039337384259259256 0.03884548611111116
5 0.650636574074074 0.3256944444444444 0.02372685185185186 0.04010416666666661
6 0.6501880787037038 0.26514756944444445 0.03735532407407405 0.034852430555555536
5 0.3714554398148148 0.32890624999999996 0.023712384259259256 0.03815104166666661
8 0.8668692129629629 0.2591579861111111 0.04325810185185186 0.04097222222222219