4 0.3125 0.3828125 0.03125 0.015625
3 0.42578125 0.388671875 0.03125 0.015625
3 0.521484375 0.3984375 0.025390625 0.015625
4 0.4765625 0.39453125 0.02734375 0.015625
2 0.37109375 0.34765625 0.021484375 0.021484375
1 0.310546875 0.341796875 0.021484375 0.021484375
5 0.37109375 0.38671875 0.015625 0.02734375
5 0.24609375 0.376953125 0.01953125 0.02734375
6 0.42578125 0.353515625 0.01953125 0.025390625
0 0.24609375 0.3359375 0.025390625 0.021484375
8 0.5234375 0.36328125 0.015625 0.021484375
7 0.474609375 0.357421875 0.01953125 0.021484375