0 0.609375 0.41015625 0.013671875 0.01953125
1 0.63671875 0.41015625 0.015625 0.021484375
2 0.6640625 0.412109375 0.015625 0.021484375
6 0.69140625 0.4140625 0.013671875 0.017578125
7 0.71484375 0.4140625 0.015625 0.021484375
8 0.73828125 0.41796875 0.013671875 0.01953125
4 0.611328125 0.431640625 0.015625 0.013671875
3 0.638671875 0.43359375 0.017578125 0.015625
5 0.666015625 0.43359375 0.01171875 0.017578125
4 0.69140625 0.435546875 0.015625 0.01171875
3 0.71484375 0.435546875 0.015625 0.013671875
5 0.740234375 0.4375 0.01171875 0.017578125