3 0.1845775462962963 0.3881076388888889 0.03412905092592594 0.01710069444444451
4 0.2470775462962963 0.39088541666666665 0.034129050925925886 0.01710069444444451
4 0.3056712962962963 0.39348958333333334 0.034129050925925886 0.017100694444444398
3 0.4873119212962963 0.40156250000000004 0.034129050925926 0.01710069444444451
8 0.48962673611111107 0.3625 0.026779513888888884 0.024565972222222232
0 0.18666087962962963 0.3529513888888889 0.024826388888888884 0.024479166666666607
6 0.3685329861111111 0.35711805555555554 0.024826388888888884 0.024479166666666607
7 0.4271267361111111 0.3597222222222222 0.024826388888888884 0.02447916666666672
5 0.4248119212962963 0.3987847222222222 0.02126736111111116 0.03016493055555558
1 0.24732349537037038 0.35368923611111114 0.02494212962962966 0.026432291666666607
2 0.30787037037037035 0.35638020833333334 0.026895254629629717 0.026519097222222232
5 0.3642650462962963 0.39609375 0.02126736111111116 0.03016493055555558