0 0.2890625 0.287109375 0.02734375 0.03125
1 0.37109375 0.28125 0.02734375 0.03125
4 0.740234375 0.314453125 0.05078125 0.021484375
4 0.37109375 0.3359375 0.041015625 0.021484375
3 0.453125 0.33203125 0.04296875 0.01953125
3 0.640625 0.3203125 0.05078125 0.021484375
5 0.54296875 0.326171875 0.025390625 0.041015625
2 0.453125 0.275390625 0.03125 0.03125
7 0.638671875 0.26171875 0.03515625 0.03515625
6 0.54296875 0.267578125 0.03125 0.03515625
5 0.2890625 0.33984375 0.021484375 0.03515625
8 0.740234375 0.25390625 0.037109375 0.037109375