4 0.533203125 0.396484375 0.02734375 0.015625
3 0.486328125 0.388671875 0.02734375 0.015625
3 0.578125 0.3984375 0.025390625 0.015625
4 0.375 0.3828125 0.03125 0.015625
5 0.31640625 0.376953125 0.01953125 0.02734375
5 0.43359375 0.384765625 0.015625 0.025390625
1 0.376953125 0.341796875 0.021484375 0.021484375
0 0.314453125 0.3359375 0.021484375 0.021484375
2 0.43359375 0.349609375 0.021484375 0.025390625
6 0.484375 0.353515625 0.01953125 0.025390625
7 0.53125 0.357421875 0.01953125 0.021484375
8 0.578125 0.36328125 0.01953125 0.021484375