3 0.521484375 0.38671875 0.03125 0.015625
4 0.27734375 0.38671875 0.03125 0.01171875
3 0.21875 0.38671875 0.03125 0.01171875
4 0.33984375 0.38671875 0.03515625 0.015625
8 0.521484375 0.349609375 0.025390625 0.025390625
0 0.216796875 0.3515625 0.021484375 0.021484375
6 0.400390625 0.34765625 0.025390625 0.021484375
5 0.3984375 0.38671875 0.015625 0.02734375
5 0.4609375 0.38671875 0.015625 0.02734375
2 0.337890625 0.349609375 0.025390625 0.025390625
7 0.4609375 0.34765625 0.021484375 0.021484375
1 0.279296875 0.349609375 0.021484375 0.025390625