4 0.470703125 0.326171875 0.046875 0.015625
4 0.55859375 0.328125 0.046875 0.01171875
3 0.2890625 0.326171875 0.046875 0.015625
3 0.10546875 0.326171875 0.04296875 0.015625
5 0.37890625 0.326171875 0.02734375 0.02734375
5 0.19921875 0.326171875 0.021484375 0.02734375
8 0.556640625 0.291015625 0.03125 0.025390625
2 0.294921875 0.287109375 0.03515625 0.025390625
7 0.46875 0.2890625 0.03125 0.021484375
0 0.1171875 0.287109375 0.03515625 0.025390625
6 0.3828125 0.287109375 0.03515625 0.025390625
1 0.20703125 0.287109375 0.03515625 0.025390625