0 0.16791087962962964 0.14322916666666669 0.059403935185185164 0.01714409722222221
4 0.6359375 0.24936342592592592 0.07434895833333321 0.039438657407407374
3 0.321484375 0.23072916666666665 0.07802372685185188 0.03576388888888893
3 0.940625 0.26741898148148147 0.08216145833333321 0.03990162037037037
5 0.47785011574074077 0.23803530092592595 0.038859953703703765 0.06458333333333333
4 0.78828125 0.2583912037037037 0.07434895833333321 0.039438657407407374
5 0.1635127314814815 0.21744791666666666 0.04253472222222221 0.060908564814814825
2 0.4823640046296297 0.1618634259259259 0.055497685185185164 0.016912615740740766
6 0.6366608796296296 0.17100694444444445 0.053544560185185386 0.01679687499999999
1 0.32806712962962964 0.1527199074074074 0.053544560185185164 0.01679687499999999
7 0.7929108796296296 0.18026620370370372 0.05963541666666661 0.02105034722222221
8 0.9491608796296296 0.18952546296296297 0.05377604166666661 0.020703125000000044