0 0.00851417824074074 0.3585286458333333 0.011935763888888888 0.029557291666666652
1 0.05545428240740741 0.368359375 0.023596643518518506 0.022005208333333304
2 0.10041956018518519 0.37521701388888884 0.021657986111111138 0.02391493055555549
6 0.14147858796296298 0.38198784722222223 0.015784143518518534 0.021831597222222276
7 0.18058449074074073 0.3887152777777778 0.021657986111111138 0.02391493055555549
8 0.21578414351851852 0.39535590277777777 0.01576967592592593 0.019878472222222276
5 0.006792534722222222 0.38973524305555557 0.008029513888888888 0.029470486111111138
4 0.05374710648148148 0.40151909722222223 0.02745949074074075 0.01623263888888893
5 0.10260416666666666 0.40651041666666665 0.019719328703703687 0.02582465277777779
3 0.14366319444444445 0.41328125 0.023553240740740722 0.016145833333333304
4 0.18078703703703702 0.4160590277777778 0.017693865740740722 0.01601562500000009
3 0.21600115740740738 0.42465277777777777 0.019646990740740722 0.01605902777777779
0 0.965943287037037 0.43350694444444443 0.017737268518518423 0.021874999999999978
1 0.9965928819444445 0.4312934027777778 0.006814236111110983 0.02170138888888884