8 0.7471788194444444 0.36475694444444445 0.02604166666666652 0.024131944444444442
4 0.6888020833333333 0.4000144675925926 0.04079861111111116 0.01678240740740744
6 0.6241319444444444 0.3611111111111111 0.02604166666666652 0.024131944444444442
7 0.6844618055555556 0.3609519675925926 0.02821180555555558 0.026142939814814747
3 0.4388020833333333 0.3926070601851852 0.03472222222222221 0.014655671296296302
0 0.4325086805555556 0.3534866898148148 0.02625868055555558 0.026085069444444442
1 0.4969618055555556 0.35539641203703703 0.02625868055555558 0.026085069444444442
4 0.7513020833333333 0.40186631944444445 0.03103298611111116 0.01649305555555558
3 0.5013020833333333 0.39445891203703703 0.03667534722222232 0.014713541666666718
2 0.5575086805555556 0.35719039351851856 0.02821180555555558 0.026142939814814747
5 0.6263020833333334 0.39816261574074074 0.02235243055555558 0.02596932870370372
5 0.5638020833333334 0.39631076388888886 0.01844618055555558 0.025853587962962887