0 0.37890625 0.255859375 0.03515625 0.0390625
1 0.46875 0.2421875 0.03515625 0.041015625
2 0.56640625 0.228515625 0.041015625 0.04296875
6 0.677734375 0.212890625 0.04296875 0.044921875
7 0.802734375 0.1953125 0.048828125 0.046875
8 0.943359375 0.177734375 0.052734375 0.052734375
4 0.376953125 0.314453125 0.04296875 0.025390625
3 0.46875 0.30859375 0.046875 0.029296875
5 0.56640625 0.294921875 0.025390625 0.048828125
4 0.677734375 0.283203125 0.05859375 0.03125
3 0.802734375 0.271484375 0.068359375 0.03125
5 0.94140625 0.2578125 0.037109375 0.056640625