3 0.453125 0.25390625 0.068359375 0.03125
4 0.58203125 0.259765625 0.06640625 0.03125
4 0.705078125 0.265625 0.05859375 0.03125
1 0.31640625 0.16015625 0.05078125 0.046875
3 0.31640625 0.24609375 0.068359375 0.03125
7 0.70703125 0.1875 0.04296875 0.04296875
0 0.16796875 0.15234375 0.056640625 0.05078125
2 0.451171875 0.169921875 0.046875 0.046875
6 0.58203125 0.177734375 0.04296875 0.04296875
8 0.82421875 0.193359375 0.041015625 0.04296875
5 0.169921875 0.23828125 0.03515625 0.056640625
5 0.82421875 0.26953125 0.02734375 0.046875