0 0.396484375 0.4043113425925926 0.0234375 0.019878472222222276
1 0.439453125 0.4029947916666667 0.01953125 0.01982060185185186
2 0.484375 0.4036603009259259 0.01953125 0.01982060185185186
6 0.529296875 0.4062789351851852 0.017578125 0.019791666666666652
7 0.572265625 0.40496238425925923 0.021484375 0.02180266203703707
8 0.6171875 0.4075810185185185 0.01953125 0.02177372685185186
3 0.39453125 0.4316261574074074 0.0234375 0.017925347222222276
3 0.439453125 0.43229166666666663 0.0234375 0.017925347222222276
5 0.484375 0.431004050925926 0.013671875 0.023640046296296235
5 0.52734375 0.43359375 0.013671875 0.023640046296296346
4 0.572265625 0.43425925925925923 0.0234375 0.017925347222222276
4 0.6171875 0.43492476851851847 0.0234375 0.015972222222222276