3 0.64453125 0.275390625 0.05859375 0.025390625
4 0.76171875 0.28125 0.052734375 0.025390625
3 0.869140625 0.28515625 0.056640625 0.025390625
4 0.40234375 0.265625 0.06640625 0.03125
5 0.525390625 0.26953125 0.03125 0.05078125
5 0.267578125 0.2578125 0.03515625 0.052734375
2 0.52734375 0.193359375 0.046875 0.04296875
0 0.26953125 0.177734375 0.05078125 0.04296875
6 0.64453125 0.201171875 0.041015625 0.041015625
8 0.869140625 0.21484375 0.037109375 0.041015625
1 0.400390625 0.185546875 0.04296875 0.041015625
7 0.7578125 0.20703125 0.041015625 0.041015625