8 0.5182002314814815 0.373046875 0.022757523148148273 0.021484375
7 0.465234375 0.369140625 0.020920138888888884 0.0234375
2 0.35769675925925926 0.3671875 0.022757523148148162 0.021484375
3 0.30302372685185186 0.400390625 0.03619791666666661 0.017578125
4 0.4653645833333333 0.404296875 0.030338541666666607 0.017578125
3 0.2462673611111111 0.3984375 0.03217592592592594 0.015625
0 0.24418402777777778 0.36328125 0.02689525462962966 0.025390625
1 0.30094039351851853 0.365234375 0.022757523148148162 0.021484375
5 0.4125144675925926 0.40234375 0.021035879629629606 0.025390625
6 0.4125 0.369140625 0.022873263888888884 0.0234375
5 0.35954861111111114 0.3984375 0.021035879629629717 0.025390625
4 0.5180989583333333 0.404296875 0.028385416666666607 0.017578125