3 0.7353298611111111 0.3509982638888889 0.04607928240740744 0.019864004629629672
4 0.47935474537037037 0.3471498842592593 0.04619502314814805 0.021817129629629672
4 0.5654079861111111 0.3497395833333333 0.04607928240740744 0.019864004629629672
3 0.30345775462962965 0.34389467592592593 0.04803240740740744 0.019878472222222276
1 0.3882233796296296 0.29181134259259256 0.03103298611111116 0.02951388888888884
0 0.3003327546296296 0.29116030092592593 0.03689236111111116 0.029557291666666652
7 0.6482204861111112 0.2976417824074074 0.03103298611111116 0.02951388888888884
2 0.4762297453703704 0.2944155092592593 0.03310185185185188 0.031481481481481444
5 0.39134837962962965 0.34454571759259256 0.023683449074074048 0.03726851851851842
5 0.6512297453703704 0.3484230324074074 0.023567708333333215 0.035315393518518534
6 0.5621672453703703 0.2950520833333333 0.031148726851851993 0.03146701388888884
8 0.7341579861111112 0.2982783564814815 0.03103298611111116 0.02951388888888884