4 0.5057725694444444 0.273046875 0.048958333333333215 0.026562500000000044
3 0.6037760416666667 0.26263020833333334 0.050911458333333215 0.02669270833333337
3 0.8155815972222222 0.23880208333333336 0.06263020833333321 0.027473958333333326
4 0.9354166666666667 0.22304687499999998 0.06297743055555549 0.031380208333333326
0 0.4184895833333333 0.22838541666666667 0.040060763888888795 0.035677083333333304
5 0.7078125 0.24986979166666667 0.031163194444444375 0.044791666666666674
1 0.5129340277777779 0.21432291666666667 0.03224826388888902 0.03515625
5 0.4134548611111111 0.2850260416666667 0.02690972222222221 0.04062500000000002
2 0.6091579861111112 0.20208333333333334 0.04006076388888902 0.035677083333333304
7 0.8234375 0.172265625 0.04236111111111107 0.039713541666666685
6 0.7133680555555555 0.18736979166666667 0.04040798611111107 0.039583333333333304
8 0.9393663194444444 0.15677083333333333 0.04644097222222232 0.04192708333333334