4 0.8011429398148149 0.20587384259259262 0.06951678240740744 0.03530092592592593
3 0.35626446759259256 0.22054398148148147 0.07747395833333326 0.03967013888888893
4 0.6587094907407407 0.21041666666666667 0.07342303240740744 0.03553240740740743
5 0.5083912037037037 0.21737557870370372 0.03732638888888884 0.060677083333333326
3 0.9436487268518519 0.19937789351851853 0.07356770833333326 0.039438657407407374
5 0.20015914351851852 0.22589699074074077 0.039424189814814825 0.06469907407407405
2 0.5118634259259259 0.1236255787037037 0.05656828703703698 0.05402199074074074
6 0.662037037037037 0.12057291666666667 0.05258969907407396 0.05183738425925927
0 0.2016059027777778 0.1342158564814815 0.05635127314814814 0.048162615740740766
1 0.36161747685185186 0.12863136574074074 0.05266203703703698 0.05379050925925927
8 0.9489293981481481 0.10941840277777778 0.05063657407407396 0.051721643518518545
7 0.8064959490740742 0.11396122685185187 0.05258969907407396 0.05183738425925927