0 0.36397569444444444 0.29500868055555557 0.0380931712962963 0.03402777777777777
1 0.447728587962963 0.2890625 0.032175925925926 0.03194444444444444
2 0.5373987268518519 0.2851996527777778 0.04010416666666661 0.03602430555555558
6 0.62890625 0.2774739583333333 0.03619791666666661 0.035937499999999956
7 0.728342013888889 0.273828125 0.03815104166666661 0.03598090277777777
8 0.8374855324074074 0.2684461805555556 0.038208912037037024 0.03793402777777777
5 0.36553819444444446 0.3477430555555555 0.02850115740740744 0.03967013888888893
5 0.6308159722222222 0.3419270833333333 0.030685763888888884 0.04752604166666663
4 0.4493489583333333 0.34375 0.04555844907407414 0.022482638888888906
3 0.537181712962963 0.34375 0.04751157407407414 0.02252604166666672
3 0.7321469907407407 0.3363715277777778 0.05543981481481475 0.026605902777777857
4 0.8393952546296297 0.3328993055555556 0.05153356481481497 0.026519097222222232