3 0.10407986111111112 0.2915943287037037 0.06607349537037038 0.02973090277777779
0 0.10468749999999999 0.2152777777777778 0.047583912037037046 0.04658564814814814
1 0.23347800925925927 0.22200520833333331 0.04344618055555549 0.04253472222222221
4 0.4770109953703704 0.30736400462962965 0.06044560185185177 0.03342013888888884
5 0.6000578703703704 0.3119212962962963 0.03425925925925921 0.05193865740740744
3 0.7229890046296297 0.31843171296296297 0.06412037037037033 0.02965856481481477
4 0.3521267361111111 0.30078125 0.06412037037037033 0.02965856481481477
2 0.3584780092592592 0.22663483796296297 0.04735243055555549 0.04267939814814814
5 0.22712673611111112 0.29615162037037035 0.03425925925925927 0.05193865740740744
6 0.48152488425925927 0.23119212962962965 0.0473524305555556 0.04267939814814814
7 0.6044560185185186 0.23770254629629628 0.047583912037036935 0.04658564814814814
8 0.7293402777777778 0.24428530092592593 0.04735243055555549 0.04267939814814814