0 0.21875 0.22327835648148148 0.048828125 0.046368634259259245
1 0.345703125 0.22899305555555555 0.041015625 0.042230902777777746
4 0.59375 0.3164207175925926 0.05859375 0.02907986111111116
3 0.220703125 0.30146122685185184 0.064453125 0.029253472222222188
3 0.83984375 0.32371238425925924 0.0625 0.029195601851851882
5 0.716796875 0.31811342592592595 0.03125 0.051707175925926
2 0.470703125 0.23269675925925926 0.044921875 0.04234664351851847
4 0.47265625 0.3089265046296296 0.0625 0.029195601851851882
5 0.34765625 0.3032696759259259 0.03125 0.051707175925926
6 0.59375 0.2363425925925926 0.044921875 0.04234664351851847
7 0.716796875 0.24194155092592592 0.044921875 0.04625289351851852
8 0.83984375 0.24754050925925927 0.044921875 0.04234664351851852