4 0.49609375 0.330078125 0.046875 0.021484375
3 0.669921875 0.3359375 0.046875 0.021484375
3 0.8359375 0.33984375 0.041015625 0.01953125
4 0.75390625 0.337890625 0.041015625 0.01953125
5 0.5859375 0.33203125 0.021484375 0.037109375
1 0.49609375 0.271484375 0.03515625 0.03125
2 0.583984375 0.27734375 0.03125 0.03515625
6 0.671875 0.28125 0.03125 0.03125
5 0.40234375 0.32421875 0.025390625 0.037109375
0 0.40234375 0.26953125 0.03515625 0.03125
7 0.75390625 0.28515625 0.02734375 0.03125
8 0.8359375 0.287109375 0.02734375 0.03125