4 0.2867621527777778 0.3846643518518519 0.04340277777777779 0.022077546296296324
4 0.02341579861111111 0.36697048611111116 0.04683159722222222 0.02644675925925921
3 0.3726128472222222 0.3936631944444444 0.04340277777777779 0.022077546296296324
3 0.11098090277777778 0.3742476851851852 0.04340277777777779 0.022077546296296324
6 0.28793402777777777 0.3319299768518519 0.02994791666666674 0.03103298611111116
2 0.20004340277777777 0.3267216435185185 0.033940972222222254 0.035170717592592604
5 0.20086805555555554 0.37761863425925923 0.024262152777777768 0.038498263888888884
7 0.37387152777777777 0.3370225694444444 0.02994791666666674 0.03103298611111116
1 0.11219618055555555 0.31956018518518514 0.029947916666666685 0.03103298611111116
5 0.460546875 0.3969184027777778 0.024262152777777768 0.038498263888888884
0 0.022395833333333334 0.3122829861111111 0.03784722222222222 0.03540219907407405
8 0.46167534722222225 0.3461371527777778 0.02994791666666674 0.03103298611111116