5 0.5676504629629631 0.353515625 0.018258101851851727 0.026432291666666607
8 0.7397858796296296 0.306640625 0.023712384259259256 0.022916666666666696
5 0.44850983796296295 0.3614583333333333 0.018258101851851838 0.026432291666666607
3 0.507103587962963 0.3575520833333333 0.03637152777777786 0.014062499999999978
4 0.6244936342592593 0.3516927083333333 0.03287037037037033 0.017708333333333326
2 0.5620515046296296 0.3184895833333333 0.027618634259259256 0.023177083333333348
6 0.6225983796296296 0.314453125 0.023712384259259256 0.022916666666666696
3 0.7416811342592593 0.3438802083333333 0.03287037037037033 0.017708333333333326
7 0.6811921296296296 0.310546875 0.023712384259259256 0.022916666666666696
0 0.4429108796296296 0.32643229166666665 0.027618634259259256 0.023177083333333348
1 0.5034577546296296 0.3223958333333333 0.023712384259259256 0.022916666666666696
4 0.6850405092592593 0.34765625 0.03287037037037033 0.017708333333333326
8 0.1430266203703704 0.43098958333333337 0.014554398148148184 0.028124999999999956
1 0.1205295138888889 0.42265624999999996 0.012934027777777773 0.012499999999999956
8 0.0966869212962963 0.4203125 0.012934027777777773 0.012499999999999956
8 0.16276041666666669 0.431640625 0.018865740740740766 0.03229166666666672
8 0.20141782407407408 0.42513020833333337 0.011791087962962965 0.02018229166666674
8 0.1715133101851852 0.42122395833333337 0.023509837962962965 0.020963541666666696
8 0.09607928240740742 0.414453125 0.020746527777777773 0.01302083333333326
8 0.19495081018518517 0.41966145833333335 0.020746527777777746 0.01302083333333326
8 0.1457175925925926 0.41901041666666666 0.021151620370370328 0.01692708333333337
8 0.13224826388888888 0.421875 0.021759259259259256 0.02278645833333337
8 0.15393518518518517 0.4223958333333333 0.028023726851851838 0.027083333333333348
8 0.18680555555555556 0.4359375 0.017650462962962965 0.020572916666666607
8 0.10571469907407408 0.4315104166666667 0.03159722222222222 0.042838541666666674
8 0.09871238425925927 0.43984375 0.013946759259259256 0.022265624999999956