3 0.5342881944444444 0.302734375 0.049348958333333304 0.0234375
3 0.7396701388888889 0.2890625 0.057161458333333304 0.0234375
4 0.44244791666666666 0.3046875 0.049348958333333304 0.0234375
4 0.8530815972222222 0.283203125 0.057161458333333304 0.0234375
1 0.4437065972222222 0.248046875 0.030034722222222254 0.033203125
7 0.7410590277777778 0.2265625 0.03793402777777777 0.037109375
0 0.3517795138888889 0.25390625 0.033940972222222254 0.033203125
2 0.5356770833333333 0.240234375 0.03784722222222214 0.033203125
5 0.6360677083333334 0.29296875 0.02821180555555558 0.0390625
6 0.6354600694444444 0.232421875 0.03793402777777777 0.037109375
5 0.3525173611111111 0.30859375 0.024262152777777768 0.037109375
8 0.8545572916666666 0.216796875 0.04379340277777777 0.037109375