0 0.1830439814814815 0.20413773148148148 0.045515046296296324 0.04360532407407408
1 0.300462962962963 0.19849537037037038 0.045630787037037046 0.04555844907407408
2 0.4179976851851852 0.19089988425925924 0.04735243055555549 0.041681134259259234
6 0.5432291666666667 0.18514178240740742 0.05125868055555549 0.04173900462962965
5 0.4137152777777778 0.2631655092592593 0.03621238425925921 0.051273148148148096
4 0.5388310185185186 0.2593605324074074 0.0659577546296295 0.026345486111111094
3 0.29422743055555556 0.27078993055555556 0.06618923611111116 0.030251736111111094
4 0.17864583333333334 0.2783564814814815 0.060098379629629606 0.02625868055555558
5 0.7990596064814814 0.24769965277777778 0.038396990740740655 0.055208333333333304
7 0.6707609953703704 0.17349537037037038 0.051490162037036935 0.04564525462962965
8 0.8057581018518518 0.16759259259259257 0.051490162037036935 0.04564525462962965
3 0.6639467592592593 0.25555555555555554 0.07204861111111116 0.030338541666666607