3 0.619386574074074 0.27994791666666663 0.05643807870370354 0.02391493055555549
4 0.4129918981481482 0.2813368055555555 0.05675636574074083 0.02782118055555549
4 0.7165653935185186 0.2814670138888889 0.04894386574074083 0.027473958333333326
5 0.5200954861111111 0.28046875 0.029050925925925952 0.04605034722222223
3 0.8121093749999999 0.2791666666666667 0.04894386574074083 0.027473958333333326
2 0.5253472222222222 0.216015625 0.040133101851851816 0.038758680555555536
5 0.30393518518518514 0.28229166666666666 0.033116319444444375 0.04817708333333337
0 0.30934606481481486 0.21588541666666666 0.044039351851851816 0.038932291666666674
6 0.6244791666666667 0.21744791666666669 0.03802083333333339 0.03671875000000002
1 0.41824363425925926 0.21688368055555557 0.03802083333333339 0.03671875000000002
8 0.8170428240740741 0.21861979166666667 0.03802083333333339 0.03671875000000002
7 0.7216579861111111 0.2189670138888889 0.03802083333333339 0.03671875000000002