0 0.39427083333333335 0.33666087962962965 0.023177083333333348 0.026027199074074137
1 0.456640625 0.33285590277777777 0.027083333333333348 0.026142939814814747
2 0.519140625 0.3310040509259259 0.022916666666666696 0.022120949074074137
6 0.5816406249999999 0.3291521990740741 0.029166666666666785 0.028153935185185164
7 0.640234375 0.32741608796296295 0.027083333333333348 0.026142939814814747
8 0.70078125 0.3256221064814815 0.026822916666666696 0.022236689814814747
8 0.7028645833333333 0.32751736111111107 0.030989583333333348 0.02625868055555558
3 0.39869791666666665 0.37371238425925923 0.03815104166666661 0.016724537037037024
5 0.46119791666666665 0.3718605324074074 0.023567708333333326 0.031886574074074026
4 0.5217447916666667 0.37006655092592594 0.03815104166666661 0.016724537037037024
4 0.5822916666666667 0.3682725694444444 0.03229166666666661 0.016550925925925997
5 0.6447916666666667 0.3664207175925926 0.025520833333333215 0.03194444444444444
3 0.7053385416666667 0.3646267361111111 0.03450520833333326 0.020515046296296302