0 0.587890625 0.357421875 0.0234375 0.02734375
4 0.58984375 0.392578125 0.02734375 0.0234375
1 0.642578125 0.3515625 0.02734375 0.03125
3 0.642578125 0.38671875 0.033203125 0.0234375
2 0.69921875 0.34375 0.02734375 0.029296875
5 0.701171875 0.3828125 0.01953125 0.03125
6 0.763671875 0.3359375 0.029296875 0.03125
4 0.76171875 0.376953125 0.037109375 0.021484375
7 0.83203125 0.330078125 0.029296875 0.02734375
3 0.83203125 0.37109375 0.0390625 0.021484375
8 0.91015625 0.3203125 0.02734375 0.02734375
5 0.908203125 0.365234375 0.021484375 0.03515625