3 0.6171875 0.3418402777777778 0.046875 0.020572916666666607
3 0.53125 0.34774305555555557 0.04296875 0.020486111111111094
4 0.712890625 0.3361545138888889 0.05078125 0.024565972222222232
4 0.81640625 0.3306423611111111 0.052734375 0.024609375000000044
5 0.44921875 0.3498263888888889 0.01953125 0.03754340277777779
7 0.81640625 0.2681423611111111 0.041015625 0.03802083333333328
2 0.6171875 0.2832465277777778 0.033203125 0.03784722222222214
8 0.9296875 0.25894097222222223 0.046875 0.04205729166666661
1 0.529296875 0.2910590277777778 0.02734375 0.02990451388888893
5 0.9296875 0.32339409722222223 0.02734375 0.04357638888888893
6 0.712890625 0.2775607638888889 0.037109375 0.03402777777777777
0 0.44921875 0.2970920138888889 0.02734375 0.03381076388888893