3 0.3153501157407408 0.3497251157407407 0.04694733796296302 0.019864004629629672
4 0.23527199074074076 0.34913194444444445 0.043041087962962965 0.019835069444444464
4 0.479615162037037 0.3528935185185185 0.04263599537037033 0.015928819444444464
6 0.47455150462962964 0.3040653935185185 0.028023726851851838 0.025578703703703742
3 0.5598958333333333 0.3554398148148148 0.0430410879629628 0.019835069444444464
1 0.31223958333333335 0.3009114583333333 0.03233506944444442 0.02951388888888884
2 0.39427083333333335 0.30151909722222225 0.03428819444444442 0.029528356481481444
0 0.22785011574074077 0.29638310185185185 0.03428819444444442 0.029528356481481444
5 0.6380208333333333 0.3560185185185185 0.022771990740740655 0.03139467592592593
7 0.5526765046296296 0.3046440972222222 0.028428819444444642 0.02948495370370363
5 0.39738136574074073 0.35033275462962965 0.024725115740740766 0.03140914351851842
8 0.6347077546296296 0.3052517361111111 0.03233506944444464 0.02951388888888884