4 0.565552662037037 0.3221643518518519 0.04068287037037033 0.01765046296296302
4 0.6454282407407408 0.3160590277777778 0.0449942129629628 0.021759259259259256
3 0.487427662037037 0.3262152777777778 0.04068287037037033 0.01765046296296302
8 0.882349537037037 0.2527199074074074 0.03233506944444442 0.03081597222222221
3 0.8856626157407408 0.3036024305555556 0.0410879629629628 0.02155671296296302
7 0.800318287037037 0.25697337962962963 0.03233506944444442 0.03081597222222221
6 0.7204427083333333 0.2630787037037037 0.028023726851851727 0.026707175925925863
1 0.5624421296296296 0.2732349537037037 0.03233506944444464 0.03081597222222221
0 0.48041087962962964 0.27748842592592593 0.03233506944444442 0.03081597222222221
5 0.7255063657407408 0.3119068287037037 0.022974537037037113 0.0342158564814814
2 0.6403645833333333 0.2672309027777778 0.03192997685185173 0.02690972222222221
5 0.8053819444444444 0.30580150462962963 0.027083333333333348 0.036371527777777746