4 0.188671875 0.3721788194444444 0.04578993055555558 0.020196759259259345
4 0.27265625 0.3734230324074074 0.04188368055555558 0.02013888888888893
3 0.102734375 0.3709056712962963 0.04774305555555555 0.020225694444444442
3 0.532421875 0.37727141203703707 0.04578993055555536 0.020196759259259345
0 0.10303819444444444 0.3200954861111111 0.03246527777777777 0.027806712962963
8 0.534765625 0.32453703703703707 0.032638888888888884 0.03171296296296289
6 0.3609375 0.32196180555555554 0.032638888888888884 0.03171296296296289
1 0.191015625 0.3194444444444444 0.032638888888888884 0.03171296296296289
5 0.44453125 0.3759693287037037 0.025086805555555536 0.037456597222222276
7 0.446875 0.3232349537037037 0.03246527777777786 0.027806712962963
5 0.35859375 0.37469618055555554 0.025086805555555536 0.037456597222222276
2 0.275 0.3206886574074074 0.034592013888888884 0.031741898148148096