3 0.6742621527777778 0.2914496527777778 0.06163194444444442 0.02951388888888884
4 0.2990451388888889 0.2756076388888889 0.06553819444444442 0.02965856481481477
5 0.5492621527777778 0.28682002314814814 0.037109375 0.05389178240740744
1 0.15950520833333331 0.19263599537037038 0.04947916666666663 0.04267939814814814
2 0.28841145833333337 0.19741030092592593 0.04947916666666674 0.04267939814814814
0 0.03602430555555555 0.18417245370370372 0.03580729166666667 0.04217303240740744
4 0.4242621527777778 0.2821903935185185 0.06597222222222221 0.03356481481481488
5 0.16796875 0.26880787037037035 0.037109375 0.05389178240740744
3 0.05099826388888888 0.26642071759259256 0.04405381944444445 0.02886284722222232
6 0.41341145833333337 0.20203993055555555 0.04947916666666674 0.04267939814814814
7 0.5405815972222222 0.20869502314814814 0.04991319444444442 0.04658564814814814
8 0.6657986111111112 0.2152777777777778 0.04947916666666652 0.04267939814814814