3 0.638671875 0.265625 0.05859375 0.01953125
4 0.880859375 0.26953125 0.056640625 0.01953125
3 0.396484375 0.263671875 0.0625 0.021484375
4 0.986328125 0.267578125 0.02734375 0.009765625
5 0.51953125 0.263671875 0.03515625 0.03515625
5 0.759765625 0.267578125 0.03125 0.03515625
2 0.6328125 0.216796875 0.046875 0.02734375
6 0.748046875 0.21875 0.041015625 0.025390625
7 0.859375 0.220703125 0.04296875 0.02734375
0 0.400390625 0.21484375 0.04296875 0.02734375
8 0.97265625 0.22265625 0.041015625 0.025390625
1 0.51953125 0.216796875 0.04296875 0.02734375