3 0.47747395833333334 0.34937789351851856 0.045876736111111094 0.023813657407407485
4 0.12378472222222223 0.3716145833333333 0.045876736111111094 0.023813657407407485
3 0.03598090277777778 0.37421875 0.04986979166666666 0.02596932870370372
4 0.2097222222222222 0.3671585648148148 0.045876736111111094 0.023813657407407485
8 0.4799045138888889 0.29469039351851856 0.032638888888888884 0.03287037037037033
5 0.29965277777777777 0.360546875 0.02322048611111116 0.04017650462962963
6 0.3041232638888889 0.3038049768518518 0.032638888888888884 0.03287037037037033
5 0.38754340277777777 0.3559895833333333 0.02517361111111116 0.04027777777777786
7 0.3900607638888889 0.2993489583333333 0.032638888888888884 0.03287037037037033
0 0.03832465277777777 0.321484375 0.036545138888888884 0.033072916666666674
1 0.12621527777777777 0.3169270833333333 0.032638888888888884 0.03287037037037033
2 0.21223958333333331 0.3105179398148148 0.03281250000000002 0.03677662037037033