1 0.412109375 0.27734375 0.03125 0.03125
7 0.67578125 0.28125 0.02734375 0.03125
4 0.587890625 0.337890625 0.046875 0.01953125
3 0.76171875 0.337890625 0.04296875 0.01953125
3 0.408203125 0.33203125 0.046875 0.021484375
5 0.31640625 0.328125 0.025390625 0.037109375
4 0.677734375 0.3359375 0.04296875 0.021484375
5 0.5 0.33203125 0.025390625 0.037109375
6 0.58984375 0.279296875 0.02734375 0.02734375
8 0.765625 0.283203125 0.03125 0.02734375
2 0.498046875 0.27734375 0.03515625 0.03125
0 0.31640625 0.275390625 0.037109375 0.03125
8 0.056640625 0.42578125 0.01171875 0.01953125
8 0.0078125 0.419921875 0.015625 0.015625
8 0.03515625 0.419921875 0.01171875 0.015625
7 0.005859375 0.439453125 0.01171875 0.015625
8 0.033203125 0.4296875 0.021484375 0.041015625
8 0.015625 0.42578125 0.025390625 0.03515625
8 0.060546875 0.443359375 0.015625 0.01953125