0 0.25655381944444444 0.2764033564814815 0.031987847222222254 0.03551793981481488
1 0.3423611111111111 0.2641782407407407 0.031987847222222254 0.03551793981481488
4 0.3436631944444445 0.3227719907407407 0.045442708333333304 0.02676504629629628
3 0.43537326388888886 0.3120659722222222 0.047395833333333304 0.02690972222222221
3 0.6342881944444445 0.2836371527777778 0.059114583333333304 0.02777777777777768
4 0.7416232638888889 0.27177372685185186 0.05529513888888893 0.03139467592592593
2 0.433984375 0.2495659722222222 0.03394097222222214 0.0356626157407407
7 0.6328559027777778 0.2191840277777778 0.03793402777777777 0.03985821759259256
5 0.2578125 0.3330439814814815 0.024262152777777768 0.03884548611111116
6 0.5295572916666667 0.23661747685185186 0.03394097222222214 0.0356626157407407
5 0.5309027777777777 0.29716435185185186 0.028255208333333393 0.04304108796296302
8 0.7440538194444445 0.205078125 0.04184027777777777 0.04014756944444442