3 0.4046296296296296 0.32449363425925926 0.04550057870370372 0.020196759259259234
4 0.3186921296296296 0.3232204861111111 0.04550057870370372 0.020196759259259345
3 0.13906249999999998 0.31860532407407405 0.04550057870370372 0.020196759259259345
6 0.318359375 0.2685040509259259 0.034013310185185164 0.027835648148148096
4 0.04921875 0.3172743055555556 0.047453703703703706 0.020225694444444442
7 0.4061921296296296 0.27175925925925926 0.032175925925926 0.031712962962963
2 0.23046875 0.2672019675925926 0.03412905092592594 0.031741898148148096
1 0.140625 0.26587094907407405 0.03217592592592594 0.03171296296296289
5 0.22890625 0.31993634259259257 0.020630787037037024 0.03739872685185186
5 0.4905671296296296 0.3257667824074074 0.020515046296296302 0.03349247685185186
0 0.04894386574074074 0.26060474537037037 0.03803530092592593 0.03179976851851851
8 0.4940827546296296 0.2730613425925926 0.032175925925926 0.03171296296296289