0 0.962890625 0.3671875 0.029296875 0.025390625
3 0.9609375 0.40234375 0.029296875 0.021484375
1 0.0234375 0.3515625 0.025390625 0.025390625
2 0.083984375 0.3515625 0.025390625 0.025390625
6 0.146484375 0.3515625 0.025390625 0.025390625
7 0.20703125 0.353515625 0.025390625 0.025390625
8 0.267578125 0.353515625 0.02734375 0.02734375
3 0.0234375 0.390625 0.033203125 0.021484375
5 0.083984375 0.388671875 0.017578125 0.033203125
5 0.14453125 0.388671875 0.01953125 0.02734375
4 0.20703125 0.388671875 0.033203125 0.021484375
4 0.267578125 0.390625 0.03125 0.01953125