3 0.552734375 0.216796875 0.068359375 0.03125
3 0.884765625 0.193359375 0.0859375 0.03125
4 0.26953125 0.236328125 0.0625 0.03515625
4 0.712890625 0.205078125 0.07421875 0.03515625
5 0.404296875 0.224609375 0.03515625 0.056640625
5 0.14453125 0.24609375 0.03125 0.05859375
6 0.55078125 0.13671875 0.052734375 0.025390625
0 0.14453125 0.1640625 0.04296875 0.046875
2 0.40234375 0.142578125 0.05078125 0.03515625
1 0.26953125 0.150390625 0.041015625 0.05078125
7 0.708984375 0.12890625 0.01953125 0.009765625