1 0.474609375 0.388671875 0.01953125 0.01953125
7 0.611328125 0.388671875 0.01953125 0.01953125
8 0.658203125 0.388671875 0.01953125 0.01953125
2 0.51953125 0.388671875 0.021484375 0.01953125
0 0.427734375 0.388671875 0.021484375 0.01953125
6 0.56640625 0.388671875 0.01953125 0.01953125
5 0.65625 0.416015625 0.015625 0.021484375
3 0.51953125 0.41796875 0.025390625 0.01171875
4 0.56640625 0.41796875 0.025390625 0.01171875
4 0.427734375 0.41796875 0.025390625 0.01171875
5 0.61328125 0.416015625 0.01171875 0.021484375
3 0.47265625 0.41796875 0.025390625 0.01171875