4 0.2578125 0.33984375 0.041015625 0.021484375
4 0.60546875 0.318359375 0.046875 0.025390625
8 0.60546875 0.2578125 0.03515625 0.03515625
3 0.3359375 0.333984375 0.041015625 0.01953125
6 0.421875 0.271484375 0.03125 0.03125
5 0.419921875 0.328125 0.021484375 0.037109375
1 0.255859375 0.28515625 0.025390625 0.02734375
7 0.509765625 0.265625 0.03125 0.03125
3 0.51171875 0.32421875 0.052734375 0.025390625
2 0.3359375 0.27734375 0.02734375 0.03125
5 0.181640625 0.341796875 0.01953125 0.03515625
0 0.181640625 0.291015625 0.03125 0.03125