3 0.58203125 0.388671875 0.02734375 0.015625
5 0.53515625 0.38671875 0.015625 0.02734375
4 0.62890625 0.39453125 0.025390625 0.015625
4 0.482421875 0.3828125 0.02734375 0.015625
5 0.42578125 0.376953125 0.01953125 0.02734375
2 0.533203125 0.349609375 0.021484375 0.025390625
1 0.482421875 0.341796875 0.021484375 0.021484375
7 0.62890625 0.357421875 0.01953125 0.021484375
3 0.669921875 0.3984375 0.021484375 0.015625
6 0.583984375 0.35546875 0.01953125 0.021484375
8 0.669921875 0.36328125 0.015625 0.021484375
0 0.42578125 0.3359375 0.025390625 0.021484375