0 0.2430121527777778 0.2109375 0.04877025462962964 0.03910590277777776
6 0.5842013888888888 0.2319878472222222 0.040957754629629584 0.038758680555555536
2 0.47092013888888884 0.226953125 0.044864004629629584 0.038932291666666674
1 0.35999710648148153 0.21809895833333331 0.049175347222222276 0.04301215277777781
5 0.46403356481481484 0.293359375 0.03200231481481475 0.04613715277777786
5 0.2378761574074074 0.2793836805555555 0.0320023148148148 0.04613715277777786
7 0.6912181712962964 0.2406684027777778 0.040957754629629584 0.038758680555555536
4 0.5749565972222221 0.3022135416666667 0.05711805555555571 0.02586805555555549
3 0.35075231481481484 0.28832465277777775 0.05711805555555549 0.02586805555555549
4 0.6841290509259259 0.3090277777777778 0.057523148148148184 0.02977430555555549
3 0.7893952546296297 0.31566840277777775 0.05321180555555571 0.025694444444444464
8 0.796484375 0.2473090277777778 0.04075520833333335 0.036805555555555536
8 0.04191261574074073 0.447265625 0.019401041666666674 0.018359374999999956