3 0.283203125 0.40234375 0.03515625 0.01171875
4 0.443359375 0.404296875 0.02734375 0.01171875
4 0.392578125 0.404296875 0.03125 0.015625
8 0.494140625 0.373046875 0.01953125 0.021484375
0 0.22265625 0.36328125 0.021484375 0.021484375
3 0.494140625 0.40625 0.025390625 0.01171875
2 0.3359375 0.3671875 0.021484375 0.021484375
6 0.390625 0.369140625 0.01953125 0.01953125
1 0.283203125 0.3671875 0.021484375 0.021484375
5 0.33984375 0.400390625 0.015625 0.025390625
7 0.443359375 0.37109375 0.01953125 0.021484375
5 0.2265625 0.400390625 0.015625 0.025390625
5 0.025390625 0.466796875 0.01953125 0.015625
5 0.041015625 0.46875 0.01171875 0.01171875
5 0.05078125 0.466796875 0.015625 0.015625