0 0.5291666666666667 0.4227430555555556 0.02039930555555558 0.02039930555555558
1 0.5701822916666667 0.42456597222222225 0.020312499999999956 0.01844618055555558
2 0.6111979166666667 0.42638888888888893 0.01844618055555558 0.020312499999999956
6 0.6522135416666667 0.42821180555555555 0.02039930555555558 0.02039930555555558
7 0.6932291666666667 0.4300347222222222 0.02039930555555558 0.02039930555555558
8 0.7342447916666667 0.4318576388888889 0.020486111111111205 0.02235243055555558
3 0.5260850694444444 0.448046875 0.022265624999999956 0.018532986111111094
3 0.5690538194444444 0.44995659722222225 0.02404513888888893 0.014713541666666607
5 0.6120225694444444 0.45186631944444444 0.016579861111111205 0.022178819444444442
5 0.6510850694444444 0.4536024305555556 0.014626736111111205 0.02209201388888893
4 0.6921006944444444 0.4554253472222222 0.022265624999999956 0.018532986111111094
4 0.7331163194444444 0.4572482638888889 0.022265624999999956 0.018532986111111094