0 0.142578125 0.29296875 0.03125 0.03125
1 0.216796875 0.287109375 0.02734375 0.03125
6 0.376953125 0.275390625 0.02734375 0.03125
7 0.46484375 0.26953125 0.03515625 0.03125
8 0.55859375 0.26171875 0.03515625 0.03515625
4 0.216796875 0.33984375 0.041015625 0.021484375
3 0.29296875 0.3359375 0.04296875 0.021484375
3 0.46484375 0.326171875 0.046875 0.021484375
4 0.55859375 0.3203125 0.048828125 0.025390625
2 0.29296875 0.28125 0.03125 0.03125
5 0.14453125 0.341796875 0.025390625 0.04296875
5 0.37890625 0.33203125 0.03125 0.044921875