4 0.7837384259259259 0.3594762731481481 0.04021990740740744 0.01982060185185186
4 0.5515480324074074 0.3538483796296296 0.04021990740740744 0.01982060185185186
6 0.7866319444444445 0.3106481481481481 0.026895254629629495 0.02557870370370363
1 0.6324508101851851 0.30755208333333334 0.02712673611111116 0.029484953703703742
4 0.8599103009259259 0.36004050925925923 0.04412615740740744 0.01984953703703707
5 0.7077980324074074 0.35500578703703706 0.021498842592592382 0.03334780092592593
5 0.9341290509259259 0.3605902777777778 0.021498842592592604 0.03334780092592593
7 0.8626880787037037 0.31316550925925923 0.03103298611111116 0.02951388888888884
0 0.5523726851851851 0.30695891203703707 0.03103298611111116 0.02951388888888884
3 0.6315104166666667 0.3563946759259259 0.043894675925925775 0.01594328703703707
2 0.7104600694444445 0.310083912037037 0.026895254629629495 0.02557870370370363
8 0.936791087962963 0.31566840277777775 0.026895254629629717 0.02557870370370363