4 0.490625 0.38997395833333337 0.030107060185185164 0.01497395833333326
4 0.4381221064814815 0.39153645833333334 0.030222800925925886 0.01692708333333337
3 0.3369068287037037 0.39288194444444446 0.028269675925925886 0.016840277777777857
0 0.2900173611111111 0.35768229166666665 0.017013888888888884 0.024131944444444442
5 0.5471498842592593 0.39053819444444443 0.017245370370370328 0.028038194444444442
2 0.38342013888888893 0.3559895833333333 0.021151620370370328 0.02821180555555558
1 0.33666087962962965 0.355859375 0.017013888888888884 0.024131944444444442
3 0.38550347222222225 0.3911458333333333 0.030222800925925997 0.01692708333333326
7 0.48647280092592593 0.35277777777777775 0.020920138888888884 0.02430555555555558
8 0.5447193287037038 0.3495225694444445 0.025057870370370328 0.028385416666666607
6 0.43396990740740743 0.35434027777777777 0.020920138888888884 0.02430555555555558
5 0.2940538194444444 0.3929253472222222 0.015292245370370328 0.02795138888888893