3 0.5301793981481482 0.20002893518518516 0.06895254629629632 0.034693287037037
4 0.671802662037037 0.18091724537037038 0.07122395833333339 0.038700810185185175
4 0.27543402777777776 0.22696759259259258 0.06504629629629632 0.034490740740740766
2 0.3910011574074074 0.12879050925925925 0.05280671296296302 0.05135995370370372
3 0.823509837962963 0.1652054398148148 0.07903645833333339 0.03910590277777776
5 0.3978443287037037 0.21277488425925925 0.03961226851851851 0.056510416666666674
0 0.15072337962962962 0.16478587962962965 0.04858217592592595 0.047251157407407374
5 0.15888310185185184 0.24085648148148148 0.031481481481481444 0.05219907407407409
6 0.5234953703703704 0.11799768518518518 0.047945601851851816 0.0394386574074074
1 0.2689091435185185 0.14688946759259258 0.04499421296296291 0.05095486111111114
8 0.8213686342592592 0.09078414351851852 0.05580150462962963 0.01650752314814813
7 0.6655960648148148 0.10474537037037036 0.053009259259259256 0.029976851851851866