3 0.44921875 0.298828125 0.05859375 0.02734375
3 0.33984375 0.29296875 0.05859375 0.025390625
4 0.55859375 0.302734375 0.052734375 0.025390625
7 0.658203125 0.2421875 0.03515625 0.03515625
4 0.65625 0.30859375 0.05078125 0.021484375
2 0.44921875 0.23046875 0.037109375 0.037109375
1 0.33984375 0.224609375 0.041015625 0.037109375
0 0.22265625 0.220703125 0.04296875 0.041015625
6 0.556640625 0.23828125 0.037109375 0.037109375
5 0.755859375 0.310546875 0.025390625 0.041015625
8 0.7578125 0.248046875 0.03515625 0.03515625
5 0.22265625 0.2890625 0.02734375 0.046875