3 0.6425491898148148 0.2273148148148148 0.06083622685185186 0.02311921296296293
4 0.8885850694444445 0.21663773148148147 0.05692997685185186 0.022887731481481488
3 0.3984375 0.23982928240740742 0.06281828703703707 0.025188078703703654
4 0.9882233796296296 0.2087818287037037 0.01576967592592604 0.010691550925925941
5 0.5234375 0.232421875 0.035677083333333304 0.037239583333333326
5 0.7655671296296296 0.22197627314814816 0.031770833333333304 0.03700810185185188
2 0.6374131944444444 0.17883391203703702 0.04730902777777768 0.03207465277777777
6 0.7545717592592593 0.1738425925925926 0.04139178240740726 0.027821180555555602
7 0.8678240740740741 0.16908275462962963 0.04535590277777768 0.031958912037037046
0 0.40111400462962965 0.19088541666666667 0.04535590277777779 0.031958912037037046
8 0.9791232638888889 0.16443865740740743 0.03553240740740726 0.027473958333333326
1 0.5221788194444444 0.18566261574074075 0.04535590277777768 0.031958912037037046