4 0.16796875 0.353515625 0.041015625 0.01953125
3 0.48828125 0.349609375 0.04296875 0.01953125
4 0.24609375 0.353515625 0.041015625 0.01953125
3 0.08984375 0.353515625 0.041015625 0.01953125
8 0.48828125 0.30078125 0.03125 0.02734375
6 0.326171875 0.30078125 0.02734375 0.02734375
5 0.326171875 0.3515625 0.021484375 0.03515625
5 0.40625 0.349609375 0.01953125 0.037109375
7 0.40625 0.30078125 0.03125 0.03125
0 0.087890625 0.3046875 0.03125 0.02734375
1 0.16796875 0.30078125 0.02734375 0.02734375
2 0.24609375 0.30078125 0.03125 0.02734375