3 0.45980902777777777 0.33412905092592593 0.04550057870370372 0.021860532407407374
4 0.6142216435185185 0.3300347222222222 0.03768807870370372 0.021455439814814792
4 0.37973090277777777 0.33828125 0.04159432870370372 0.021657986111111027
3 0.6903935185185185 0.32608506944444443 0.03768807870370372 0.021455439814814792
1 0.4603732638888889 0.2871527777777778 0.02809606481481486 0.026808449074074092
6 0.6127748842592593 0.2812065972222222 0.026200810185185164 0.028660300925925863
2 0.5366030092592593 0.28515625 0.028153935185185164 0.028761574074074092
5 0.5379340277777778 0.330078125 0.022410300925925997 0.03236400462962963
5 0.7646122685185186 0.3222366898148148 0.020457175925925775 0.0322627314814814
0 0.3802372685185185 0.28935185185185186 0.032060185185185164 0.028964120370370328
7 0.6908998842592593 0.27715567129629626 0.028153935185185164 0.028761574074074092
8 0.7632233796296297 0.2753616898148148 0.02614293981481497 0.026707175925925863