3 0.80078125 0.396484375 0.03125 0.01171875
4 0.6875 0.400390625 0.03125 0.01171875
3 0.7421875 0.3984375 0.03515625 0.015625
1 0.7421875 0.36328125 0.021484375 0.021484375
0 0.685546875 0.3671875 0.021484375 0.021484375
2 0.796875 0.36328125 0.025390625 0.025390625
4 0.859375 0.39453125 0.03125 0.015625
7 0.921875 0.357421875 0.025390625 0.021484375
5 0.921875 0.392578125 0.01953125 0.02734375
8 0.986328125 0.35546875 0.021484375 0.021484375
5 0.984375 0.390625 0.01953125 0.025390625
6 0.861328125 0.361328125 0.021484375 0.021484375