3 0.32682291666666663 0.36736111111111114 0.038859953703703765 0.023133680555555536
3 0.24690393518518516 0.3618489583333333 0.042447916666666696 0.019401041666666563
4 0.5467303240740741 0.3869357638888889 0.038859953703703765 0.023133680555555536
4 0.6131365740740741 0.38988715277777775 0.03674768518518512 0.02109374999999991
0 0.24892939814814813 0.3129340277777778 0.03559027777777779 0.03077256944444451
6 0.47844328703703703 0.33489583333333334 0.025506365740740722 0.02643229166666672
7 0.5505497685185186 0.34006076388888884 0.02582465277777768 0.030338541666666607
2 0.40454282407407405 0.3276909722222222 0.03136574074074083 0.02669270833333326
5 0.4046296296296297 0.37473958333333335 0.026142939814814747 0.03424479166666661
5 0.47673611111111114 0.3799045138888889 0.026142939814814747 0.03424479166666661
1 0.3306423611111111 0.32048611111111114 0.02777777777777779 0.030425347222222232
8 0.6185908564814815 0.3470052083333333 0.027459490740740833 0.026519097222222232