3 0.5234375 0.41015625 0.02734375 0.01171875
4 0.669921875 0.408203125 0.02734375 0.01171875
6 0.62109375 0.37890625 0.01953125 0.01953125
7 0.01171875 0.134765625 0.021484375 0.01953125
8 0.01171875 0.26953125 0.0234375 0.025390625
8 0.72265625 0.380859375 0.021484375 0.021484375
7 0.671875 0.37890625 0.021484375 0.021484375
5 0.47265625 0.408203125 0.015625 0.021484375
5 0.572265625 0.40625 0.01953125 0.0234375
0 0.47265625 0.37890625 0.021484375 0.01953125
2 0.572265625 0.37890625 0.01953125 0.01953125
3 0.720703125 0.41015625 0.02734375 0.01171875
4 0.623046875 0.40625 0.02734375 0.01171875
1 0.521484375 0.37890625 0.01953125 0.01953125
1 0.17578125 0.435546875 0.009765625 0.015625
8 0.193359375 0.443359375 0.01171875 0.025390625
8 0.15625 0.435546875 0.01171875 0.015625
8 0.201171875 0.447265625 0.015625 0.025390625
8 0.2109375 0.4453125 0.015625 0.02734375
8 0.1015625 0.462890625 0.021484375 0.01171875
8 0.16015625 0.44140625 0.025390625 0.03125
8 0.228515625 0.447265625 0.01953125 0.03125
8 0.240234375 0.447265625 0.01953125 0.025390625