4 0.08255208333333333 0.3341145833333333 0.050390624999999994 0.02669270833333337
2 0.26731770833333335 0.27643229166666666 0.03749999999999998 0.03749999999999998
4 0.3690104166666667 0.34348958333333335 0.05638020833333335 0.029036458333333348
3 0.4705729166666667 0.35026041666666663 0.05625000000000002 0.027083333333333348
5 0.2716145833333333 0.34088541666666666 0.03229166666666661 0.046875
1 0.17200520833333333 0.2759114583333333 0.03541666666666665 0.03541666666666665
6 0.36484375 0.28098958333333335 0.03750000000000009 0.03750000000000009
8 0.5694010416666666 0.28684895833333335 0.04140625000000009 0.03776041666666674
7 0.4641927083333333 0.2837239583333333 0.04140624999999998 0.03776041666666674
3 0.17604166666666665 0.3364583333333333 0.05429687500000002 0.02695312499999991
0 0.078515625 0.2735677083333333 0.03749999999999998 0.03749999999999998
5 0.5756510416666667 0.3514322916666667 0.03229166666666661 0.046875