3 0.8390335648148148 0.3036024305555556 0.06728877314814818 0.02973090277777768
5 0.6165075231481482 0.31300636574074076 0.03375289351851851 0.04405381944444442
7 0.8484809027777778 0.23140914351851852 0.051128472222222276 0.042751736111111105
8 0.9674913194444444 0.21817129629629628 0.03179976851851851 0.04398148148148151
4 0.7229890046296297 0.30714699074074076 0.05516493055555571 0.025390625
4 0.4310908564814815 0.3237847222222222 0.04755497685185184 0.02705439814814814
3 0.5197916666666667 0.3192274305555556 0.04930555555555549 0.02517361111111116
2 0.6229890046296296 0.25050636574074076 0.040957754629629584 0.03848379629629628
0 0.4371672453703704 0.2651909722222222 0.03880208333333335 0.03645833333333337
5 0.9634982638888889 0.2944878472222222 0.02499999999999991 0.05345775462962954
1 0.5280237268518518 0.25875289351851855 0.037051504629629584 0.03833912037037035
6 0.7296730324074074 0.24269386574074076 0.044864004629629584 0.03862847222222221