3 0.037326388888888895 0.3220630787037037 0.006467013888888901 0.006163194444444464
0 0.037181712962962965 0.2827980324074074 0.017853009259259256 0.022294560185185164
4 0.47348090277777777 0.3053385416666667 0.05240162037037033 0.018258101851851838
4 0.3832320601851852 0.3060908564814815 0.05240162037037033 0.018258101851851838
3 0.19963831018518519 0.31561053240740744 0.05240162037037038 0.01825810185185195
5 0.1095920138888889 0.3183159722222222 0.030584490740740766 0.03266782407407409
5 0.2912326388888889 0.30889756944444446 0.028631365740740766 0.03256655092592586
8 0.47138310185185184 0.2661747685185185 0.03778935185185184 0.027213541666666674
2 0.20730613425925926 0.2759403935185185 0.03778935185185184 0.027213541666666674
1 0.11941550925925926 0.2804976851851852 0.03778935185185184 0.027213541666666674
7 0.38328993055555555 0.2687789351851852 0.037384259259259256 0.023307291666666674
6 0.29519675925925926 0.2713831018518518 0.03778935185185184 0.027213541666666674