3 0.33984375 0.267578125 0.0625 0.02734375
2 0.466796875 0.185546875 0.046875 0.046875
4 0.595703125 0.26171875 0.05859375 0.02734375
4 0.7265625 0.2578125 0.06640625 0.02734375
3 0.86328125 0.25390625 0.068359375 0.02734375
5 0.46484375 0.26171875 0.03125 0.05078125
0 0.216796875 0.1953125 0.046875 0.041015625
1 0.33984375 0.19140625 0.04296875 0.04296875
5 0.216796875 0.26953125 0.02734375 0.05078125
6 0.595703125 0.181640625 0.046875 0.04296875
7 0.7265625 0.177734375 0.046875 0.04296875
8 0.86328125 0.173828125 0.05078125 0.046875