3 0.22562210648148148 0.29570312499999996 0.06186342592592592 0.02897858796296293
4 0.6945746527777779 0.32738715277777775 0.05600405092592586 0.028631365740740655
4 0.5773871527777779 0.3204427083333333 0.05600405092592586 0.028631365740740766
3 0.10843460648148148 0.28875868055555554 0.05991030092592592 0.02886284722222221
5 0.3447627314814815 0.3027633101851852 0.031626157407407485 0.04665798611111116
1 0.22392939814814816 0.22550636574074073 0.04108796296296291 0.041377314814814825
2 0.34111689814814816 0.23245081018518518 0.04304108796296302 0.04149305555555555
5 0.4619502314814815 0.30970775462962963 0.031626157407407485 0.04665798611111116
0 0.102734375 0.21637731481481481 0.04314236111111111 0.04344618055555555
6 0.45830439814814816 0.23939525462962963 0.04304108796296302 0.0414930555555556
7 0.5736400462962963 0.24817708333333333 0.04304108796296302 0.0414930555555556
8 0.6908275462962963 0.25512152777777775 0.04304108796296302 0.04149305555555549