0 0.901316550925926 0.388671875 0.02165798611111125 0.0234375
1 0.9501302083333334 0.38671875 0.01775173611111125 0.0234375
2 0.9916232638888889 0.38671875 0.016753472222222232 0.0234375
3 0.9015335648148148 0.41796875 0.02748842592592604 0.01953125
3 0.9503761574074074 0.419921875 0.027473958333333215 0.017578125
5 0.9927010995370371 0.416015625 0.014597800925925775 0.02734375
0 0.016464120370370372 0.376953125 0.02556423611111111 0.0234375
1 0.07310474537037037 0.376953125 0.025578703703703687 0.025390625
2 0.12388599537037037 0.376953125 0.023625578703703687 0.025390625
6 0.17857349537037037 0.376953125 0.021672453703703687 0.025390625
7 0.23132233796296298 0.37890625 0.021672453703703742 0.025390625
8 0.286009837962963 0.37890625 0.02362557870370363 0.025390625
3 0.01669560185185185 0.408203125 0.02748842592592593 0.01953125
3 0.07139756944444445 0.41015625 0.029427083333333326 0.017578125
5 0.12608506944444445 0.41015625 0.021701388888888895 0.029296875
5 0.17881944444444445 0.41015625 0.01778067129629629 0.02734375
4 0.23155381944444445 0.41015625 0.031380208333333326 0.017578125
4 0.286255787037037 0.412109375 0.027459490740740722 0.015625