3 0.49249131944444446 0.28815104166666666 0.061111111111111116 0.02673611111111107
2 0.4908420138888889 0.21393229166666666 0.04192708333333328 0.04192708333333334
3 0.25221354166666665 0.280859375 0.05729166666666674 0.030555555555555558
4 0.8421875 0.2998263888888889 0.055251736111111116 0.026605902777777857
1 0.3657986111111111 0.2092013888888889 0.042013888888888906 0.04583333333333334
4 0.7269097222222223 0.2953125 0.05729166666666652 0.030555555555555558
5 0.6097222222222223 0.29270833333333335 0.030338541666666607 0.04752604166666674
0 0.2407552083333333 0.2044704861111111 0.047873263888888906 0.04596354166666666
5 0.37330729166666665 0.2835503472222222 0.03229166666666661 0.04756944444444444
6 0.6119357638888889 0.2166232638888889 0.04192708333333339 0.04192708333333334
7 0.7350260416666667 0.2213107638888889 0.04201388888888902 0.04583333333333334
8 0.8542100694444444 0.22591145833333334 0.04192708333333339 0.04192708333333334