2 0.52734375 0.16796875 0.048828125 0.05078125
4 0.251953125 0.24609375 0.06640625 0.02734375
3 0.390625 0.24609375 0.068359375 0.03125
3 0.525390625 0.25 0.068359375 0.03125
4 0.66015625 0.25390625 0.0625 0.03125
0 0.248046875 0.16015625 0.052734375 0.046875
5 0.79296875 0.251953125 0.03125 0.052734375
5 0.921875 0.25390625 0.03125 0.052734375
1 0.390625 0.1640625 0.05078125 0.046875
8 0.921875 0.17578125 0.04296875 0.04296875
6 0.66015625 0.16796875 0.046875 0.04296875
7 0.79296875 0.171875 0.046875 0.04296875