0 0.009508825231481482 0.1462818287037037 0.019017650462962964 0.045298032407407374
1 0.1281539351851852 0.14250578703703703 0.05114293981481477 0.03978587962962965
2 0.2670572916666667 0.1365451388888889 0.05263310185185177 0.0320023148148148
6 0.41572627314814814 0.13043981481481481 0.05205439814814816 0.022236689814814803
7 0.5643952546296296 0.12433449074074074 0.036082175925925775 0.01614583333333336
8 0.7286892361111111 0.11799768518518519 0.05526620370370372 0.010575810185185164
3 0.5637876157407407 0.20044849537037038 0.08606770833333321 0.036400462962962954
4 0.41098090277777777 0.21051793981481481 0.07630208333333333 0.036255787037037024
3 0.12317708333333334 0.22649016203703703 0.06825810185185185 0.0322337962962963
4 0.01109664351851852 0.23411458333333335 0.02219328703703704 0.031770833333333304
5 0.2642650462962963 0.2165943287037037 0.03862847222222221 0.059114583333333304
5 0.7244068287037038 0.1902633101851852 0.044835069444444375 0.06506076388888887