3 0.1904513888888889 0.4213541666666667 0.028559027777777746 0.015494791666666563
4 0.2451388888888889 0.425 0.030512152777777746 0.015625
3 0.4697482638888889 0.4399739583333333 0.030512152777777857 0.015625
4 0.3017795138888889 0.42877604166666666 0.030512152777777857 0.015625
8 0.4728732638888889 0.4048177083333333 0.025520833333333326 0.02499999999999991
0 0.1916232638888889 0.38606770833333337 0.025520833333333326 0.02499999999999991
6 0.3595920138888889 0.39726562499999996 0.021614583333333326 0.02473958333333326
7 0.4162326388888889 0.40104166666666663 0.025520833333333326 0.02499999999999991
5 0.3564670138888889 0.43242187499999996 0.02000868055555549 0.028515625000000044
5 0.4131076388888889 0.43619791666666663 0.02000868055555549 0.028515625000000044
2 0.3029513888888889 0.39348958333333334 0.029427083333333326 0.025260416666666674
2 0.2482638888888889 0.38984375 0.025520833333333326 0.025000000000000022