0 0.3555410879629629 0.31640625 0.02741608796296302 0.029036458333333348
3 0.3526475694444444 0.35546875 0.0366030092592593 0.021874999999999978
1 0.4219473379629629 0.3119791666666667 0.03146701388888884 0.03125
3 0.4171006944444444 0.351171875 0.0366030092592593 0.02187500000000009
2 0.48430266203703703 0.309765625 0.02741608796296291 0.029036458333333348
5 0.4814091435185185 0.34882812500000004 0.0239438657407407 0.034635416666666696
5 0.5458622685185186 0.34453125 0.02184606481481488 0.03255208333333337
6 0.550853587962963 0.3033854166666667 0.0293692129629628 0.029166666666666674
7 0.613353587962963 0.29921875 0.0272714120370372 0.027083333333333348
4 0.6122685185185186 0.34010416666666665 0.03450520833333348 0.019791666666666652
8 0.679615162037037 0.2967447916666667 0.02951388888888884 0.031119791666666674
4 0.6747685185185186 0.3359375 0.03645833333333348 0.019921874999999978