3 0.021267361111111112 0.25772569444444443 0.02379918981481481 0.009939236111111138
4 0.529296875 0.25982349537037036 0.0674189814814814 0.027835648148148207
3 0.26743344907407407 0.2578559027777778 0.06741898148148151 0.027835648148148096
4 0.658203125 0.25886863425925927 0.0635127314814814 0.027806712962963
2 0.2644675925925926 0.17777777777777778 0.04644097222222221 0.04134837962962962
6 0.3973524305555556 0.17874710648148148 0.05049189814814814 0.045283564814814825
1 0.13158275462962962 0.17680844907407406 0.04658564814814814 0.04525462962962967
5 0.39829282407407407 0.2568865740740741 0.03327546296296302 0.054918981481481444
7 0.5262586805555556 0.17779224537037036 0.04658564814814814 0.04525462962962967
5 0.1345486111111111 0.25688657407407406 0.037037037037037035 0.05104166666666665
8 0.6552372685185186 0.17879050925925927 0.05034722222222232 0.041377314814814825
0 0.01435908564814815 0.17669994212962964 0.017288773148148147 0.04503761574074072