4 0.62109375 0.36328125 0.037109375 0.01953125
4 0.6953125 0.36328125 0.041015625 0.01953125
3 0.546875 0.36328125 0.037109375 0.01953125
3 0.921875 0.361328125 0.037109375 0.015625
6 0.76953125 0.31640625 0.02734375 0.025390625
5 0.84765625 0.361328125 0.01953125 0.03515625
8 0.923828125 0.31640625 0.02734375 0.025390625
2 0.6953125 0.31640625 0.02734375 0.02734375
5 0.76953125 0.361328125 0.021484375 0.03515625
7 0.845703125 0.31640625 0.02734375 0.025390625
0 0.544921875 0.31640625 0.02734375 0.02734375
1 0.62109375 0.31640625 0.02734375 0.025390625