4 0.45703125 0.33984375 0.04296875 0.01953125
4 0.54296875 0.33984375 0.04296875 0.01953125
1 0.369140625 0.28515625 0.03125 0.02734375
3 0.28125 0.33984375 0.04296875 0.021484375
3 0.712890625 0.33984375 0.04296875 0.01953125
0 0.279296875 0.28515625 0.03515625 0.02734375
2 0.45703125 0.287109375 0.03125 0.03125
5 0.62890625 0.33984375 0.025390625 0.03515625
5 0.3671875 0.33984375 0.021484375 0.03515625
7 0.62890625 0.287109375 0.03125 0.03125
6 0.54296875 0.287109375 0.02734375 0.03125
8 0.71484375 0.287109375 0.03125 0.03125