3 0.23684895833333333 0.23664641203703704 0.06115451388888887 0.028240740740740733
4 0.7269965277777778 0.23328993055555558 0.05920138888888893 0.02821180555555558
4 0.6059027777777778 0.23508391203703705 0.06115451388888893 0.028240740740740733
3 0.10989583333333333 0.23852719907407408 0.06115451388888887 0.028240740740740733
1 0.2384982638888889 0.16242766203703704 0.04192708333333328 0.04162326388888887
5 0.4829427083333333 0.2330005787037037 0.03229166666666661 0.04733796296296294
5 0.3599392361111111 0.23287037037037037 0.03237847222222223 0.05124421296296294
0 0.11163194444444444 0.16040219907407408 0.04778645833333334 0.04171006944444444
2 0.36154513888888884 0.1606047453703704 0.04583333333333339 0.041681134259259234
7 0.6075520833333333 0.16086516203703705 0.04583333333333339 0.041681134259259234
8 0.7286458333333333 0.15907118055555558 0.04583333333333339 0.041681134259259234
6 0.48654513888888884 0.1587528935185185 0.04192708333333339 0.04162326388888893