0 0.03192997685185185 0.3051215277777778 0.0341869212962963 0.03443287037037035
1 0.11396122685185185 0.30208333333333337 0.030222800925925913 0.03233506944444442
2 0.19403935185185184 0.29911747685185186 0.038035300925925886 0.03262442129629628
6 0.27607060185185184 0.29607928240740744 0.03229166666666661 0.03631365740740744
7 0.35620659722222225 0.29116030092592593 0.036082175925926 0.03255208333333337
8 0.44013310185185184 0.2900028935185185 0.03815104166666661 0.03653067129629628
5 0.3527488425925926 0.3420138888888889 0.026490162037037024 0.03804976851851849
5 0.2726707175925926 0.34497974537037035 0.02459490740740744 0.03993055555555558
4 0.1906394675925926 0.34801793981481477 0.04745370370370372 0.02126736111111116
4 0.11050347222222223 0.3529369212962963 0.0476273148148148 0.02712673611111116
3 0.028530092592592593 0.35402199074074076 0.04165219907407408 0.02300347222222221
3 0.43862847222222223 0.3407841435185185 0.04366319444444444 0.02502893518518512