0 0.4154513888888889 0.3017939814814815 0.03559027777777779 0.029542824074074048
1 0.4907841435185185 0.314916087962963 0.033796296296296324 0.031481481481481444
2 0.5622106481481481 0.3280671296296296 0.03395543981481475 0.033434606481481444
6 0.6357494212962963 0.3431568287037037 0.030208333333333393 0.035358796296296235
7 0.7091290509259258 0.35629340277777777 0.02973090277777768 0.029499421296296235
8 0.7807146990740741 0.37139756944444446 0.030208333333333393 0.035358796296296235
3 0.4111400462962963 0.34482060185185187 0.04113136574074072 0.02567997685185186
3 0.48451967592592593 0.3579571759259259 0.04097222222222219 0.02372685185185186
5 0.5600115740740741 0.3730324074074074 0.024508101851851816 0.037268518518518534
5 0.6314380787037037 0.3861834490740741 0.02466724537037024 0.039221643518518534
4 0.7012297453703704 0.40325520833333334 0.03917824074074083 0.025665509259259256
4 0.77265625 0.41640625 0.04113136574074083 0.02567997685185186