3 0.5616753472222222 0.29723668981481477 0.04930555555555549 0.02586805555555549
3 0.1492332175925926 0.3030815972222222 0.05907118055555555 0.026374421296296302
5 0.2603587962962963 0.2992621527777778 0.03179976851851851 0.04438657407407409
2 0.26684027777777775 0.23676215277777776 0.042910879629629584 0.039134837962962965
4 0.47203414351851847 0.29994212962962963 0.04149305555555549 0.02546296296296302
4 0.3650173611111111 0.30160590277777777 0.0590711805555556 0.026374421296296302
8 0.5677517361111111 0.2386429398148148 0.03664641203703711 0.0349247685185185
5 0.03285590277777778 0.3013454861111111 0.03375289351851851 0.04448784722222221
6 0.37170138888888893 0.23715277777777777 0.040957754629629584 0.03903356481481479
0 0.037789351851851845 0.23504050925925926 0.050723379629629625 0.03953993055555555
1 0.15611979166666667 0.23667534722222222 0.040957754629629584 0.03903356481481479
7 0.47265625 0.23774594907407406 0.036646412037037 0.0349247685185185