4 0.5125868055555556 0.3261863425925926 0.04613715277777786 0.023770254629629672
3 0.6083912037037037 0.32494212962962965 0.05004340277777786 0.02379918981481488
3 0.8199363425925925 0.3147858796296296 0.05991030092592586 0.02582465277777779
4 0.9375289351851852 0.3078414351851852 0.05590277777777786 0.023842592592592582
5 0.7123119212962963 0.317896412037037 0.027618634259259256 0.04315682870370363
0 0.4234230324074074 0.27472511574074077 0.034924768518518556 0.03344907407407405
5 0.4224392361111111 0.33138020833333337 0.02546296296296302 0.03923611111111103
1 0.5155237268518519 0.2695457175925926 0.034924768518518556 0.03344907407407405
2 0.6116319444444445 0.26244212962962965 0.036979166666666785 0.03541666666666665
6 0.715552662037037 0.25539641203703706 0.040784143518518556 0.03349247685185186
7 0.8232783564814814 0.2503327546296296 0.040885416666666785 0.03544560185185186
8 0.9430266203703703 0.23949652777777777 0.0469473379629628 0.03939525462962962