3 0.5638744212962963 0.24952256944444445 0.05772569444444442 0.0322337962962963
4 0.6749855324074074 0.249609375 0.05577256944444442 0.03213252314814813
3 0.7841435185185186 0.24979745370370368 0.0556278935185186 0.02822627314814813
5 0.18561921296296297 0.2515914351851852 0.037037037037037035 0.052604166666666674
4 0.3181423611111111 0.2525173611111111 0.06553819444444442 0.032638888888888884
5 0.44299768518518523 0.24994212962962964 0.03298611111111116 0.04849537037037033
6 0.5645978009259259 0.17735821759259257 0.04253472222222232 0.04314236111111114
0 0.18844039351851852 0.17541956018518517 0.04853877314814814 0.0473524305555556
2 0.4457465277777778 0.17572337962962964 0.04644097222222221 0.043344907407407374
1 0.3209635416666667 0.17634548611111112 0.04644097222222221 0.043344907407407374
8 0.7887008101851851 0.17938368055555556 0.04050925925925908 0.041087962962962965
7 0.677662037037037 0.17734375 0.04253472222222232 0.04314236111111108