0 0.078125 0.33057002314814815 0.03233506944444445 0.02821180555555558
1 0.1447482638888889 0.32664930555555555 0.02647569444444442 0.028038194444444442
2 0.2072482638888889 0.3247974537037037 0.02647569444444442 0.028038194444444442
6 0.2736545138888889 0.3228298611111111 0.03038194444444442 0.028153935185185164
7 0.3400607638888889 0.3208622685185185 0.02647569444444442 0.028038194444444442
8 0.4064670138888889 0.3188946759259259 0.02994791666666663 0.024247685185185164
5 0.1384548611111111 0.3657696759259259 0.02256944444444442 0.02792245370370372
3 0.07378472222222222 0.36963252314814815 0.04296875 0.018793402777777746
4 0.20638020833333334 0.36765046296296294 0.039279513888888895 0.020630787037037024
4 0.27083333333333337 0.36574074074074076 0.04513888888888884 0.020804398148148162
5 0.3374565972222222 0.36182002314814815 0.02495659722222221 0.031886574074074026
3 0.40169270833333337 0.3618634259259259 0.03927951388888884 0.020630787037037024