0 0.07413194444444444 0.33174189814814814 0.030179398148148157 0.02936921296296302
1 0.13683449074074072 0.3251591435185185 0.026273148148148184 0.02907986111111116
2 0.19758391203703704 0.31872106481481477 0.02822627314814813 0.02922453703703698
6 0.2622395833333333 0.3119936342592593 0.02842881944444442 0.03117766203703698
7 0.32689525462962965 0.3052662037037037 0.02997685185185195 0.02741608796296302
8 0.39330150462962965 0.3003472222222222 0.028226273148148184 0.02922453703703698
4 0.06987847222222221 0.37275752314814814 0.035431134259259256 0.0239438657407407
3 0.1325810185185185 0.3661747685185185 0.0336805555555556 0.02575231481481488
5 0.19548611111111108 0.3576388888888889 0.020818865740740766 0.03255208333333337
4 0.25798611111111114 0.3530092592592593 0.033478009259259256 0.02379918981481488
3 0.32243923611111114 0.3482349537037037 0.03913483796296302 0.02228009259259256
5 0.3872974537037037 0.33955439814814814 0.022974537037037113 0.0346498842592593