8 0.828125 0.12890625 0.05078125 0.009765625
3 0.515625 0.228515625 0.068359375 0.03125
3 0.826171875 0.205078125 0.083984375 0.03515625
4 0.66796875 0.21484375 0.072265625 0.03125
4 0.24609375 0.24609375 0.0625 0.03125
5 0.375 0.23828125 0.03125 0.056640625
0 0.125 0.17578125 0.04296875 0.04296875
5 0.125 0.25390625 0.03125 0.052734375
2 0.375 0.150390625 0.05078125 0.05078125
6 0.515625 0.142578125 0.05078125 0.03515625
1 0.24609375 0.162109375 0.04296875 0.05078125
7 0.6640625 0.13671875 0.021484375 0.021484375