3 0.33984375 0.24661458333333333 0.064453125 0.026302083333333337
3 0.609375 0.23658854166666665 0.068359375 0.02452256944444442
4 0.875 0.2286892361111111 0.064453125 0.024348958333333337
4 0.986328125 0.22374131944444445 0.02734375 0.0226996527777778
5 0.478515625 0.2424045138888889 0.037109375 0.042664930555555536
5 0.7421875 0.2326388888888889 0.037109375 0.038758680555555536
8 0.978515625 0.17135416666666667 0.041015625 0.033072916666666674
1 0.478515625 0.1896701388888889 0.048828125 0.033420138888888895
2 0.60546875 0.1840277777777778 0.048828125 0.03342013888888884
7 0.853515625 0.17690972222222223 0.044921875 0.03324652777777781
0 0.349609375 0.19344618055555557 0.048828125 0.02951388888888884
6 0.73046875 0.18042534722222223 0.044921875 0.029340277777777757