3 0.48046875 0.29296875 0.06822916666666656 0.02734375
4 0.8401041666666667 0.296875 0.058463541666666785 0.02734375
3 0.361328125 0.29296875 0.062369791666666674 0.02734375
4 0.9572916666666667 0.296875 0.062369791666666785 0.02734375
1 0.47760416666666666 0.220703125 0.04557291666666663 0.0390625
5 0.6015625 0.29296875 0.03255208333333326 0.048828125
0 0.3544270833333333 0.21875 0.04583333333333339 0.04296875
5 0.720703125 0.29296875 0.032421875000000044 0.046875
2 0.5967447916666666 0.220703125 0.04557291666666652 0.0390625
6 0.7158854166666666 0.220703125 0.04166666666666652 0.0390625
8 0.9524739583333333 0.224609375 0.04166666666666652 0.0390625
7 0.8352864583333333 0.224609375 0.04557291666666652 0.0390625