2 0.50390625 0.2109375 0.04296875 0.041015625
3 0.615234375 0.287109375 0.056640625 0.025390625
4 0.38671875 0.279296875 0.05859375 0.02734375
3 0.828125 0.296875 0.05078125 0.025390625
4 0.72265625 0.29296875 0.052734375 0.025390625
0 0.26171875 0.19921875 0.046875 0.041015625
5 0.50390625 0.283203125 0.03125 0.046875
5 0.26171875 0.271484375 0.03515625 0.05078125
6 0.615234375 0.21875 0.037109375 0.037109375
1 0.38671875 0.205078125 0.041015625 0.041015625
7 0.724609375 0.224609375 0.037109375 0.037109375
8 0.828125 0.23046875 0.037109375 0.037109375