1 0.041015625 0.365234375 0.02734375 0.021484375
4 0.041015625 0.3984375 0.03125 0.01171875
2 0.08984375 0.37109375 0.021484375 0.021484375
5 0.08984375 0.40234375 0.013671875 0.025390625
6 0.1328125 0.37890625 0.015625 0.021484375
7 0.169921875 0.384765625 0.01953125 0.01953125
8 0.205078125 0.390625 0.01953125 0.01953125
3 0.1328125 0.408203125 0.0234375 0.013671875
4 0.169921875 0.412109375 0.0234375 0.01171875
3 0.205078125 0.41796875 0.015625 0.013671875
0 0.95703125 0.412109375 0.017578125 0.017578125
1 0.9921875 0.41015625 0.013671875 0.015625