0 0.19140625 0.15625 0.0546875 0.048828125
1 0.333984375 0.158203125 0.048828125 0.052734375
2 0.47265625 0.158203125 0.052734375 0.048828125
6 0.611328125 0.162109375 0.05078125 0.056640625
7 0.748046875 0.162109375 0.04296875 0.046875
8 0.884765625 0.1640625 0.044921875 0.05078125
3 0.19140625 0.2421875 0.068359375 0.033203125
3 0.330078125 0.244140625 0.0703125 0.033203125
5 0.47265625 0.244140625 0.03515625 0.05859375
5 0.611328125 0.24609375 0.03515625 0.060546875
4 0.75 0.248046875 0.06640625 0.03515625
4 0.884765625 0.25 0.06640625 0.037109375