3 0.7831452546296296 0.27708333333333335 0.06879340277777768 0.03081597222222221
3 0.24408275462962964 0.2651041666666667 0.06873553240740737 0.02690972222222232
4 0.5175202546296296 0.27118055555555554 0.06488715277777768 0.030729166666666696
0 0.10804398148148148 0.176171875 0.05339988425925929 0.04609374999999999
5 0.38077256944444443 0.2661892361111111 0.035966435185185164 0.055468749999999956
4 0.6503327546296296 0.27413194444444444 0.06488715277777768 0.030729166666666696
6 0.5163049768518518 0.18914930555555554 0.045587384259259345 0.045920138888888906
2 0.37958622685185184 0.18611111111111112 0.049493634259259234 0.04600694444444442
5 0.10928819444444444 0.26015625 0.03401331018518519 0.055425347222222254
1 0.24479166666666666 0.18116319444444445 0.04555844907407408 0.043967013888888906
8 0.785836226851852 0.1951388888888889 0.049493634259259345 0.046006944444444475
7 0.649117476851852 0.19210069444444444 0.045587384259259345 0.045920138888888906