3 0.25390625 0.291015625 0.056640625 0.025390625
4 0.705078125 0.29296875 0.052734375 0.025390625
4 0.59375 0.29296875 0.056640625 0.025390625
3 0.13671875 0.291015625 0.056640625 0.025390625
1 0.25390625 0.22265625 0.037109375 0.037109375
5 0.48046875 0.291015625 0.02734375 0.04296875
5 0.3671875 0.2890625 0.02734375 0.046875
0 0.13671875 0.21875 0.04296875 0.037109375
2 0.3671875 0.22265625 0.041015625 0.037109375
7 0.591796875 0.224609375 0.041015625 0.037109375
8 0.705078125 0.224609375 0.041015625 0.037109375
6 0.48046875 0.22265625 0.037109375 0.037109375