3 0.521484375 0.326171875 0.05078125 0.021484375
3 0.42578125 0.32421875 0.046875 0.01953125
3 0.61328125 0.326171875 0.046875 0.021484375
3 0.33203125 0.32421875 0.046875 0.01953125
8 0.798828125 0.271484375 0.03515625 0.03125
5 0.798828125 0.328125 0.021484375 0.037109375
7 0.70703125 0.271484375 0.03515625 0.03125
6 0.615234375 0.26953125 0.03125 0.03125
2 0.521484375 0.26953125 0.037109375 0.03125
5 0.70703125 0.328125 0.025390625 0.037109375
1 0.42578125 0.267578125 0.03515625 0.03515625
0 0.33203125 0.265625 0.037109375 0.03125