7 0.83203125 0.392578125 0.015625 0.01953125
3 0.763671875 0.42578125 0.01953125 0.013671875
4 0.794921875 0.423828125 0.021484375 0.01171875
8 0.87109375 0.388671875 0.017578125 0.021484375
0 0.703125 0.41015625 0.01171875 0.015625
2 0.76171875 0.40234375 0.015625 0.01953125
6 0.794921875 0.396484375 0.017578125 0.01953125
1 0.732421875 0.40625 0.015625 0.01953125
5 0.705078125 0.431640625 0.013671875 0.01953125
4 0.83203125 0.419921875 0.021484375 0.01171875
5 0.87109375 0.416015625 0.01171875 0.021484375
3 0.732421875 0.4296875 0.017578125 0.013671875