3 0.26254340277777777 0.40837673611111114 0.035460069444444464 0.014453124999999956
4 0.4265625 0.4139756944444445 0.029600694444444464 0.01432291666666674
4 0.37382812499999996 0.41280381944444444 0.031597222222222276 0.016319444444444442
8 0.4780381944444444 0.38385416666666666 0.02000868055555549 0.02191840277777779
0 0.20091145833333335 0.36792534722222225 0.021961805555555602 0.02196180555555549
3 0.47925347222222225 0.4171006944444444 0.025694444444444464 0.014236111111111116
2 0.3180121527777778 0.3744357638888889 0.021961805555555602 0.02196180555555549
6 0.37265625 0.3776041666666667 0.01996527777777768 0.01996527777777779
1 0.2633246527777778 0.37322048611111114 0.021961805555555602 0.02196180555555549
5 0.3192274305555556 0.4076822916666667 0.016189236111111116 0.025737847222222276
7 0.4273003472222222 0.38077256944444443 0.02000868055555549 0.02191840277777779
5 0.20594618055555555 0.4051649305555556 0.016189236111111116 0.025737847222222276
5 0.002690972222222222 0.46892361111111114 0.005381944444444444 0.015972222222222276
5 0.011024305555555555 0.47118055555555555 0.013975694444444443 0.013975694444444464
5 0.022786458333333336 0.46948784722222225 0.01597222222222222 0.015972222222222276