0 0.484375 0.408203125 0.017578125 0.01953125
1 0.513671875 0.41015625 0.017578125 0.021484375
2 0.54296875 0.41015625 0.015625 0.01953125
6 0.57421875 0.4140625 0.015625 0.017578125
7 0.6015625 0.416015625 0.013671875 0.01953125
8 0.626953125 0.416015625 0.013671875 0.017578125
4 0.484375 0.431640625 0.01953125 0.015625
3 0.515625 0.43359375 0.01953125 0.015625
5 0.544921875 0.43359375 0.015625 0.021484375
4 0.57421875 0.435546875 0.017578125 0.015625
3 0.599609375 0.4375 0.015625 0.013671875
5 0.626953125 0.4375 0.01171875 0.017578125