2 0.5446180555555555 0.17980324074074072 0.05703125000000009 0.05429687500000002
4 0.2640335648148148 0.2513744212962963 0.07074652777777779 0.03132233796296302
3 0.4087239583333333 0.2576099537037037 0.07497106481481475 0.03534432870370374
3 0.5496672453703704 0.26568287037037036 0.07497106481481475 0.03534432870370374
4 0.6904513888888889 0.27180266203703707 0.06715856481481475 0.03511284722222219
0 0.2529658564814815 0.16336805555555556 0.05866608796296302 0.05044849537037038
5 0.8309172453703704 0.2740162037037037 0.03765914351851851 0.0556712962962963
5 0.9660011574074074 0.28191550925925923 0.03765914351851851 0.05567129629629619
1 0.40172164351851847 0.1716724537037037 0.05671296296296302 0.05039062500000002
8 0.9591579861111111 0.19793113425925926 0.04858217592592595 0.04625289351851852
6 0.6852430555555555 0.1839699074074074 0.05248842592592595 0.046368634259259245
7 0.8222800925925926 0.19192708333333333 0.05248842592592595 0.046368634259259245