3 0.232421875 0.291015625 0.05859375 0.025390625
4 0.685546875 0.29296875 0.052734375 0.025390625
4 0.57421875 0.29296875 0.052734375 0.025390625
3 0.119140625 0.291015625 0.056640625 0.025390625
5 0.34765625 0.291015625 0.02734375 0.04296875
1 0.234375 0.22265625 0.037109375 0.037109375
2 0.34765625 0.22265625 0.041015625 0.037109375
5 0.4609375 0.291015625 0.02734375 0.04296875
0 0.1171875 0.220703125 0.041015625 0.041015625
6 0.4609375 0.22265625 0.041015625 0.037109375
7 0.57421875 0.224609375 0.041015625 0.037109375
8 0.685546875 0.224609375 0.041015625 0.037109375