4 0.6821035879629629 0.2748408564814815 0.05701678240740726 0.027068865740740744
3 0.3382957175925926 0.2811197916666667 0.060923032407407374 0.027184606481481466
3 0.21915509259259258 0.28464988425925924 0.057016782407407374 0.027068865740740744
4 0.7934317129629629 0.2715422453703704 0.05506365740740726 0.027010995370370328
5 0.45154803240740743 0.2758101851851852 0.029991319444444442 0.04774305555555558
1 0.3353298611111111 0.21281828703703703 0.03765914351851851 0.038208912037037024
5 0.5668113425925926 0.27434895833333334 0.029962384259259345 0.04578993055555558
0 0.21811342592592592 0.21433738425925924 0.04552951388888893 0.04234664351851847
2 0.4505642361111111 0.20940393518518519 0.04156539351851851 0.0383246527777778
6 0.5657986111111111 0.20598958333333334 0.03765914351851851 0.038208912037037024
7 0.6791087962962963 0.20458622685185185 0.04156539351851851 0.038324652777777746
8 0.7904369212962963 0.20128761574074072 0.03765914351851851 0.038208912037037024