4 0.533203125 0.373046875 0.03515625 0.015625
4 0.59765625 0.369140625 0.03515625 0.01953125
0 0.359375 0.34765625 0.021484375 0.025390625
4 0.47265625 0.376953125 0.03125 0.015625
1 0.4140625 0.341796875 0.021484375 0.021484375
4 0.4140625 0.380859375 0.02734375 0.01171875
5 0.66796875 0.36328125 0.01953125 0.03515625
5 0.361328125 0.384765625 0.015625 0.029296875
2 0.470703125 0.337890625 0.021484375 0.025390625
6 0.533203125 0.33203125 0.021484375 0.025390625
8 0.66796875 0.318359375 0.025390625 0.025390625
7 0.59765625 0.32421875 0.025390625 0.025390625