0 0.5717447916666667 0.4068287037037037 0.02669270833333348 0.03117766203703698
4 0.5700954861111112 0.4439380787037037 0.030425347222222232 0.02756076388888884
1 0.6305121527777777 0.4072627314814815 0.03085937499999991 0.03732638888888884
3 0.6269965277777778 0.4422743055555556 0.03628472222222223 0.02799479166666674
2 0.6895399305555555 0.4018373842592593 0.030685763888888884 0.03342013888888884
5 0.6896701388888888 0.44299768518518523 0.021006944444444287 0.0346498842592593
6 0.7601996527777778 0.39923321759259256 0.03272569444444451 0.03551793981481488
4 0.7563368055555555 0.4420572916666667 0.04001736111111098 0.02437789351851849
7 0.8328125 0.39677372685185186 0.03255208333333348 0.03161168981481488
3 0.8308159722222221 0.44169560185185186 0.04205729166666661 0.02647569444444442
8 0.9152777777777779 0.3930844907407407 0.03059895833333348 0.03146701388888884
5 0.9131944444444444 0.4399594907407407 0.025086805555555536 0.03884548611111116