4 0.8468605324074074 0.2197482638888889 0.07747395833333348 0.03628472222222223
2 0.5545428240740742 0.15380497685185185 0.05258969907407396 0.0495804398148148
3 0.41435185185185186 0.24958043981481481 0.07342303240740744 0.032320601851851816
5 0.5494791666666667 0.23781828703703706 0.0371817129629628 0.055208333333333304
3 0.9779369212962963 0.21195023148148148 0.02864583333333326 0.03556134259259258
0 0.2863136574074074 0.1753472222222222 0.04658564814814814 0.045587384259259234
4 0.6942274305555556 0.22981770833333331 0.07356770833333348 0.036226851851851816
5 0.28334780092592593 0.2554253472222222 0.03327546296296302 0.055150462962963
1 0.41746238425925924 0.16559606481481481 0.04673032407407407 0.049493634259259234
6 0.6974826388888888 0.14192708333333334 0.05244502314814814 0.0456741898148148
7 0.8499710648148149 0.1357638888888889 0.05620659722222232 0.041825810185185164