0 0.2265625 0.322265625 0.02734375 0.029296875
1 0.2890625 0.318359375 0.02734375 0.03125
2 0.349609375 0.310546875 0.02734375 0.03125
6 0.41796875 0.30078125 0.029296875 0.03125
7 0.4921875 0.294921875 0.03125 0.03125
8 0.5703125 0.28515625 0.03125 0.03125
4 0.228515625 0.369140625 0.029296875 0.021484375
3 0.287109375 0.365234375 0.03125 0.0234375
5 0.3515625 0.357421875 0.0234375 0.03515625
4 0.41796875 0.3515625 0.037109375 0.021484375
3 0.4921875 0.345703125 0.04296875 0.021484375
5 0.5703125 0.33984375 0.02734375 0.041015625