3 0.5316116898148148 0.322728587962963 0.05555555555555558 0.025057870370370328
3 0.4301215277777778 0.3177662037037037 0.05150462962962965 0.021035879629629717
3 0.6331741898148148 0.3257378472222222 0.05164930555555558 0.024942129629629606
3 0.3285590277777778 0.31475694444444446 0.05150462962962965 0.021035879629629717
8 0.8346354166666667 0.27109375 0.03833912037037024 0.034302662037037024
5 0.8323929398148149 0.331640625 0.02495659722222232 0.04171006944444444
7 0.7350260416666667 0.2681423611111111 0.03833912037037024 0.034302662037037024
6 0.6354890046296295 0.2632378472222222 0.03443287037037024 0.0341869212962963
2 0.5339265046296295 0.260228587962963 0.04224537037037024 0.03441840277777786
5 0.7327835648148149 0.3286892361111111 0.02886284722222232 0.041825810185185164
1 0.43243634259259256 0.25526620370370373 0.03848379629629628 0.038208912037037024
0 0.3289930555555556 0.25024594907407405 0.04224537037037046 0.03441840277777786