0 0.060546875 0.302734375 0.033203125 0.033203125
1 0.142578125 0.3046875 0.033203125 0.033203125
2 0.220703125 0.302734375 0.03515625 0.03125
6 0.30078125 0.30078125 0.033203125 0.03515625
7 0.3828125 0.3046875 0.033203125 0.033203125
8 0.462890625 0.302734375 0.033203125 0.037109375
5 0.298828125 0.353515625 0.0234375 0.037109375
5 0.37890625 0.34765625 0.021484375 0.03515625
3 0.0625 0.353515625 0.04296875 0.0234375
4 0.140625 0.353515625 0.046875 0.021484375
4 0.220703125 0.3515625 0.04296875 0.0234375
3 0.462890625 0.3515625 0.04296875 0.01953125