4 0.458984375 0.35546875 0.037109375 0.01953125
3 0.759765625 0.361328125 0.037109375 0.015625
1 0.53515625 0.310546875 0.02734375 0.02734375
6 0.685546875 0.314453125 0.02734375 0.02734375
3 0.53515625 0.359375 0.041015625 0.01953125
4 0.685546875 0.361328125 0.041015625 0.015625
5 0.61328125 0.359375 0.01953125 0.03125
7 0.76171875 0.314453125 0.02734375 0.02734375
0 0.45703125 0.310546875 0.02734375 0.02734375
5 0.83203125 0.36328125 0.021484375 0.03125
2 0.611328125 0.3125 0.02734375 0.025390625
8 0.83203125 0.31640625 0.02734375 0.025390625