0 0.3353587962962963 0.2997829861111111 0.03240740740740744 0.03310185185185177
1 0.4255642361111111 0.2953414351851852 0.03255208333333337 0.03700810185185188
4 0.4252025462962963 0.3579571759259259 0.04962384259259256 0.0243778935185186
3 0.724609375 0.36004050925925923 0.05946180555555558 0.02690972222222232
3 0.5211226851851851 0.3577690972222222 0.05164930555555558 0.02644675925925921
4 0.8401331018518519 0.35905671296296293 0.05555555555555558 0.026678240740740655
2 0.521412037037037 0.2971064814814815 0.03653067129629628 0.039192708333333326
7 0.7290943287037037 0.29179687499999996 0.04239004629629628 0.03953993055555549
5 0.6189959490740741 0.35769675925925926 0.02900752314814814 0.04654224537037033
6 0.6213107638888888 0.29519675925925926 0.03653067129629628 0.039192708333333326
5 0.33326099537037035 0.3564236111111111 0.02495659722222221 0.042404513888888884
8 0.8426649305555556 0.29069733796296293 0.04239004629629628 0.03953993055555549