5 0.5569878472222223 0.31085069444444446 0.026302083333333393 0.04214409722222223
2 0.5583333333333333 0.25030381944444446 0.032031249999999956 0.036545138888888884
3 0.7487413194444444 0.28671875 0.05724826388888893 0.029861111111111116
4 0.3946180555555555 0.32977430555555554 0.039583333333333304 0.02517361111111116
1 0.47408854166666664 0.2657552083333333 0.03194444444444444 0.032638888888888884
3 0.47282986111111114 0.3223958333333333 0.043489583333333304 0.025347222222222188
7 0.7501736111111111 0.22226562500000002 0.03602430555555558 0.04062500000000002
4 0.6489583333333333 0.2989583333333333 0.05125868055555571 0.023741319444444464
5 0.8622829861111111 0.2699652777777778 0.03237847222222223 0.052170138888888884
6 0.6503038194444444 0.23841145833333333 0.03203125000000018 0.036545138888888884
0 0.39574652777777775 0.27899305555555554 0.03394097222222214 0.03467881944444451
8 0.8637586805555555 0.20355902777777776 0.03993055555555536 0.040798611111111105