3 0.7090133101851852 0.3658275462962963 0.042404513888888884 0.025564236111111027
4 0.7892071759259259 0.37193287037037037 0.04217303240740744 0.021657986111111138
5 0.4467158564814815 0.34249131944444444 0.025520833333333326 0.036371527777777746
5 0.6246817129629629 0.35561342592592593 0.02575231481481488 0.040277777777777746
1 0.5353877314814814 0.2945167824074074 0.03493923611111116 0.031018518518518556
2 0.6216724537037037 0.30483217592592593 0.031264467592592604 0.03472222222222221
4 0.5387442129629629 0.3511574074074074 0.04607928240740744 0.021860532407407374
0 0.4434751157407407 0.28780381944444444 0.03689236111111116 0.031119791666666674
3 0.8674479166666667 0.3779369212962963 0.04021990740740744 0.02155671296296302
7 0.7859664351851852 0.31724537037037037 0.03103298611111116 0.03081597222222221
6 0.7057725694444444 0.3111400462962963 0.03103298611111116 0.03081597222222232
8 0.8643229166666666 0.3252025462962963 0.02712673611111116 0.030613425925925863