4 0.5056857638888889 0.24210069444444446 0.06119791666666674 0.031901041666666685
4 0.6287326388888889 0.23663194444444446 0.058897569444444464 0.027907986111111116
3 0.255859375 0.25125868055555556 0.06866319444444446 0.028342013888888906
2 0.2628038194444444 0.17313368055555556 0.050694444444444375 0.045052083333333326
1 0.13585069444444445 0.17877604166666666 0.04678819444444443 0.04487847222222219
6 0.38940972222222225 0.17139756944444445 0.046788194444444375 0.04487847222222219
5 0.1290798611111111 0.25494791666666666 0.03363715277777779 0.05013020833333337
5 0.380859375 0.245703125 0.037890624999999956 0.05421006944444445
3 0.016406249999999997 0.25952690972222225 0.032812499999999994 0.03172743055555549
7 0.5105034722222223 0.166015625 0.046788194444444375 0.04487847222222224
0 0.017784288194444445 0.18246527777777777 0.03556857638888889 0.049045138888888895
8 0.6353298611111111 0.16241319444444446 0.04644097222222232 0.04097222222222219