0 0.31482928240740743 0.38146701388888893 0.03168402777777779 0.02951388888888884
1 0.3853009259259259 0.38003472222222223 0.029571759259259256 0.027546296296296235
2 0.45350115740740743 0.38249421296296293 0.031524884259259256 0.02756076388888884
6 0.5257667824074074 0.38302951388888884 0.029571759259259256 0.027546296296296235
7 0.5941261574074074 0.38353587962962965 0.027618634259259256 0.02753182870370363
8 0.6644386574074075 0.38405671296296295 0.02777777777777768 0.02948495370370363
3 0.311328125 0.4244357638888889 0.03674768518518523 0.019791666666666652
3 0.381640625 0.42495659722222223 0.03674768518518523 0.019791666666666652
5 0.4521122685185185 0.42352430555555554 0.022236689814814747 0.03334780092592593
5 0.5224247685185186 0.4240451388888889 0.02028356481481497 0.033333333333333326
4 0.590625 0.42650462962962965 0.03870081018518512 0.019806134259259256
4 0.6609375 0.42702546296296295 0.03479456018518512 0.019777199074074048