0 0.9909035011574074 0.36851851851851847 0.01819299768518512 0.02756076388888884
3 0.9918258101851851 0.4036747685185185 0.01634837962962976 0.021715856481481444
1 0.035228587962962965 0.34382233796296297 0.021412037037037035 0.02553530092592593
2 0.0959201388888889 0.3462239583333333 0.027271412037037035 0.02557870370370363
6 0.1603732638888889 0.3467013888888889 0.027271412037037035 0.02557870370370363
7 0.2209201388888889 0.3471498842592593 0.027416087962962965 0.02753182870370363
8 0.28537326388888884 0.3476273148148148 0.02951388888888884 0.029499421296296235
3 0.04188368055555556 0.3809606481481481 0.02683738425925926 0.01971932870370363
5 0.09866898148148148 0.3833333333333333 0.020037615740740755 0.03333333333333344
5 0.15921585648148148 0.3837818287037037 0.021701388888888895 0.02944155092592593
4 0.22562210648148148 0.38427372685185185 0.034794560185185175 0.021730324074074048
4 0.28631365740740744 0.3866753472222222 0.0326967592592593 0.019762731481481444