4 0.845876736111111 0.2652633101851852 0.05711805555555571 0.021903935185185186
3 0.48446180555555557 0.2640335648148148 0.0629774305555556 0.021947337962963
3 0.23637152777777778 0.26391782407407405 0.06102430555555555 0.021932870370370283
4 0.7286458333333334 0.26417824074074076 0.06098090277777768 0.019979745370370394
8 0.8309895833333334 0.21067708333333335 0.04561631944444455 0.03158275462962967
5 0.36527777777777776 0.26296296296296295 0.03207465277777777 0.037340856481481444
2 0.48324652777777777 0.20934606481481483 0.04561631944444455 0.03158275462962967
5 0.6075086805555556 0.2631221064814815 0.03802083333333339 0.041290509259259256
7 0.7137586805555556 0.20959201388888887 0.04162326388888893 0.027647569444444464
1 0.36601562499999996 0.20826099537037038 0.03771701388888893 0.027618634259259256
6 0.6004774305555556 0.21043113425925924 0.04162326388888893 0.027647569444444464
0 0.2448784722222222 0.2072048611111111 0.04756944444444444 0.03159722222222222