3 0.5907552083333334 0.38201678240740744 0.042447916666666696 0.022699652777777857
5 0.3299479166666667 0.35869502314814816 0.02604166666666674 0.03975694444444444
4 0.6653645833333334 0.3900752314814815 0.040494791666666696 0.02264178240740744
4 0.42421875 0.36928530092592593 0.046354166666666696 0.022815393518518468
2 0.5048177083333334 0.32099247685185184 0.033333333333333215 0.032175925925926
5 0.5102864583333333 0.37378472222222225 0.02408854166666674 0.03969907407407414
3 0.7359375 0.3960648148148148 0.036588541666666696 0.022526041666666607
1 0.4204427083333333 0.31264467592592593 0.03333333333333344 0.032175925925925886
6 0.5873697916666667 0.33123553240740744 0.029427083333333215 0.032060185185185164
0 0.32421875 0.30199652777777775 0.037239583333333326 0.03229166666666661
8 0.7326822916666667 0.3472366898148148 0.025260416666666785 0.028038194444444442
7 0.6600260416666666 0.33923611111111107 0.029427083333333215 0.032060185185185164