8 0.6864293981481482 0.30052083333333335 0.026663773148148273 0.023177083333333348
5 0.3756365740740741 0.35820312499999996 0.017129629629629606 0.026432291666666607
4 0.5610677083333333 0.3477864583333333 0.032175925925925775 0.017708333333333326
3 0.4399739583333333 0.355859375 0.038035300925926 0.018098958333333304
3 0.6841145833333333 0.33958333333333335 0.032175925925925775 0.017708333333333326
4 0.6216145833333333 0.34375 0.036082175925925775 0.017968749999999978
5 0.5006365740740741 0.34986979166666665 0.017129629629629495 0.026432291666666607
7 0.6239293981481482 0.3046875 0.022757523148148273 0.022916666666666696
0 0.3778356481481482 0.32109375 0.022989004629629717 0.026822916666666696
2 0.5008825231481482 0.312890625 0.026895254629629495 0.027083333333333348
6 0.5633825231481482 0.3087239583333333 0.026663773148148273 0.023177083333333348
1 0.4403356481481482 0.3169270833333333 0.022989004629629717 0.026822916666666696
1 0.04117476851851852 0.4213541666666667 0.012644675925925927 0.016406249999999956
8 0.06047453703703704 0.4239583333333333 0.010691550925925927 0.01627604166666663
8 0.01578414351851852 0.42304687500000004 0.012876157407407406 0.020312499999999956
8 0.10321180555555556 0.42500000000000004 0.012644675925925941 0.016406249999999956
8 0.08321759259259259 0.4341145833333333 0.013570601851851855 0.032031249999999956
8 0.12228009259259259 0.4315104166666667 0.017708333333333326 0.03619791666666661
8 0.061501736111111115 0.439453125 0.012644675925925927 0.016406249999999956
8 0.12469618055555556 0.42356770833333335 0.012644675925925941 0.016406249999999956
8 0.07196180555555556 0.42708333333333337 0.022989004629629606 0.026822916666666696
8 0.08035300925925926 0.41679687499999996 0.02045717592592594 0.01692708333333326
8 0.08988715277777778 0.4200520833333333 0.020688657407407385 0.02083333333333337