0 0.349609375 0.38671875 0.029296875 0.02734375
1 0.41796875 0.38671875 0.02734375 0.02734375
2 0.484375 0.388671875 0.02734375 0.025390625
6 0.5546875 0.38671875 0.02734375 0.02734375
7 0.623046875 0.388671875 0.025390625 0.02734375
8 0.69140625 0.388671875 0.025390625 0.029296875
3 0.349609375 0.4296875 0.03515625 0.01953125
3 0.41796875 0.4296875 0.03515625 0.017578125
5 0.486328125 0.4296875 0.017578125 0.03125
5 0.5546875 0.4296875 0.017578125 0.03125
4 0.62109375 0.4296875 0.03515625 0.01953125
4 0.689453125 0.4296875 0.03125 0.01953125