0 0.4192997685185185 0.42300347222222223 0.02249710648148151 0.020645254629629628
1 0.4603153935185185 0.42513020833333337 0.02054398148148151 0.0205439814814814
2 0.5032841435185185 0.4273582175925926 0.0205439814814814 0.0205439814814814
6 0.5462528935185185 0.4295862268518519 0.0185908564814814 0.020442708333333393
7 0.5872685185185185 0.43171296296296297 0.0205439814814814 0.02054398148148151
8 0.6303385416666667 0.4358940972222222 0.0185908564814814 0.02044270833333328
3 0.41876446759259256 0.45024594907407406 0.022395833333333393 0.018692129629629628
3 0.46173321759259256 0.45247395833333337 0.024247685185185164 0.016840277777777857
5 0.5046006944444444 0.45274884259259257 0.014785879629629628 0.022193287037037046
5 0.5457175925925926 0.4568287037037037 0.014887152777777857 0.024146412037037046
4 0.5867332175925926 0.4589554398148148 0.024247685185185164 0.016840277777777857
4 0.6316550925925926 0.4612847222222222 0.022294560185185164 0.016739004629629628