4 0.232421875 0.3515625 0.046875 0.021484375
3 0.47265625 0.349609375 0.041015625 0.01953125
3 0.07421875 0.353515625 0.04296875 0.01953125
4 0.15234375 0.353515625 0.04296875 0.01953125
5 0.3125 0.349609375 0.01953125 0.03125
5 0.392578125 0.349609375 0.021484375 0.03125
2 0.232421875 0.30078125 0.02734375 0.02734375
6 0.3125 0.30078125 0.025390625 0.02734375
0 0.072265625 0.302734375 0.03125 0.025390625
7 0.392578125 0.30078125 0.02734375 0.02734375
8 0.47265625 0.30078125 0.02734375 0.02734375
1 0.154296875 0.30078125 0.02734375 0.02734375