4 0.587890625 0.365234375 0.037109375 0.015625
4 0.662109375 0.365234375 0.037109375 0.015625
3 0.44140625 0.36328125 0.041015625 0.015625
5 0.365234375 0.359375 0.021484375 0.03125
5 0.513671875 0.36328125 0.021484375 0.03125
3 0.732421875 0.365234375 0.03515625 0.015625
8 0.734375 0.318359375 0.025390625 0.025390625
7 0.66015625 0.318359375 0.02734375 0.025390625
6 0.587890625 0.318359375 0.025390625 0.025390625
2 0.513671875 0.31640625 0.02734375 0.02734375
1 0.439453125 0.31640625 0.02734375 0.025390625
0 0.36328125 0.31640625 0.02734375 0.025390625
8 0.03515625 0.421875 0.01171875 0.01953125
1 0.009765625 0.419921875 0.01171875 0.015625
8 0.083984375 0.42578125 0.01171875 0.015625
8 0.10546875 0.4375 0.015625 0.037109375
8 0.060546875 0.42578125 0.009765625 0.015625
8 0.03515625 0.44140625 0.009765625 0.015625
8 0.07421875 0.423828125 0.01953125 0.015625
8 0.060546875 0.44140625 0.015625 0.01953125
8 0.18359375 0.466796875 0.015625 0.009765625
8 0.01171875 0.427734375 0.021484375 0.04296875