0 0.39908854166666663 0.35857928240740744 0.02842881944444442 0.028660300925925863
3 0.4053819444444444 0.39774305555555556 0.03732638888888884 0.021354166666666674
1 0.4657118055555556 0.36397569444444444 0.03059895833333326 0.030714699074074092
3 0.46809895833333337 0.4029369212962963 0.03537326388888884 0.021252893518518556
2 0.5282118055555556 0.3672164351851852 0.02842881944444442 0.028660300925925863
5 0.5325520833333333 0.4062789351851852 0.02517361111111116 0.03431712962962963
5 0.5970052083333333 0.4096209490740741 0.02300347222222232 0.0322627314814814
6 0.5926649305555556 0.3705584490740741 0.03038194444444442 0.028761574074074092
7 0.6551649305555556 0.37379918981481486 0.02821180555555558 0.026707175925925863
4 0.6614583333333334 0.412962962962963 0.03515625 0.019299768518518556
8 0.7196180555555556 0.37714120370370374 0.03059895833333348 0.030714699074074092
4 0.7222222222222222 0.41805555555555557 0.037109375 0.019401041666666674