2 0.41015625 0.419921875 0.015625 0.015625
1 0.37890625 0.41796875 0.015625 0.01171875
8 0.5078125 0.419921875 0.015625 0.015625
7 0.4765625 0.419921875 0.015625 0.015625
6 0.4453125 0.419921875 0.015625 0.015625
0 0.345703125 0.41796875 0.015625 0.015625
5 0.34765625 0.4375 0.01171875 0.01953125
4 0.4453125 0.439453125 0.015625 0.009765625
4 0.474609375 0.44140625 0.01953125 0.01171875
3 0.37890625 0.439453125 0.01953125 0.015625
5 0.412109375 0.439453125 0.01171875 0.015625
7 0.056640625 0.44921875 0.01171875 0.021484375
8 0.1015625 0.45703125 0.021484375 0.03125
5 0.08984375 0.45703125 0.01953125 0.03125
5 0.076171875 0.453125 0.015625 0.025390625
8 0.048828125 0.443359375 0.015625 0.01953125
5 0.0859375 0.44921875 0.015625 0.015625