0 0.40256076388888884 0.2969328703703704 0.04192708333333339 0.04344618055555549
1 0.49227430555555557 0.29639756944444445 0.033940972222222254 0.035170717592592604
2 0.58984375 0.2982783564814815 0.04184027777777777 0.03953993055555549
6 0.6911892361111112 0.29453125 0.03997395833333339 0.04333043981481488
7 0.796484375 0.29296875 0.03988715277777777 0.03942418981481488
8 0.9134982638888889 0.2921006944444444 0.03993055555555558 0.04137731481481488
5 0.40381944444444445 0.35357349537037036 0.02430555555555558 0.040451388888888884
3 0.5892361111111111 0.35870949074074077 0.05334201388888893 0.030468750000000044
4 0.4936631944444445 0.3588975694444444 0.053255208333333304 0.026562500000000044
5 0.692578125 0.35703125 0.03229166666666661 0.04872685185185177
3 0.7979600694444444 0.359375 0.061111111111111116 0.02897858796296293
4 0.9149739583333334 0.3585069444444444 0.06319444444444455 0.034953703703703765