4 0.33984375 0.390625 0.03125 0.01171875
3 0.515625 0.390625 0.03125 0.01171875
4 0.28125 0.390625 0.03125 0.01171875
3 0.22265625 0.390625 0.02734375 0.01171875
8 0.517578125 0.35546875 0.021484375 0.021484375
6 0.3984375 0.35546875 0.021484375 0.021484375
7 0.45703125 0.353515625 0.021484375 0.025390625
0 0.22265625 0.35546875 0.021484375 0.021484375
1 0.283203125 0.35546875 0.021484375 0.021484375
2 0.33984375 0.35546875 0.021484375 0.021484375
5 0.458984375 0.390625 0.01953125 0.025390625
5 0.3984375 0.390625 0.015625 0.025390625