4 0.14088541666666665 0.35859375000000004 0.046354166666666696 0.024479166666666607
4 0.22877604166666665 0.36445312500000004 0.046354166666666696 0.024479166666666607
8 0.5002604166666667 0.32369791666666664 0.03333333333333344 0.033333333333333326
6 0.31861979166666665 0.31158854166666666 0.033333333333333326 0.033333333333333326
7 0.41041666666666665 0.3177083333333333 0.03359375000000009 0.037239583333333326
5 0.31484375 0.36822916666666666 0.02604166666666674 0.04062500000000002
5 0.406640625 0.3743489583333333 0.02604166666666674 0.04062500000000002
0 0.0546875 0.29791666666666666 0.033333333333333326 0.033333333333333326
1 0.142578125 0.30377604166666666 0.033333333333333326 0.033333333333333326
2 0.23072916666666665 0.30572916666666666 0.037239583333333326 0.03359374999999998
3 0.4946614583333333 0.37825520833333337 0.050260416666666696 0.02473958333333326
3 0.053125000000000006 0.35078125000000004 0.050390624999999994 0.02669270833333326