3 0.498046875 0.265625 0.05859375 0.01953125
4 0.740234375 0.26953125 0.0625 0.01953125
3 0.25390625 0.263671875 0.0625 0.021484375
4 0.859375 0.26953125 0.056640625 0.01953125
5 0.37890625 0.263671875 0.03125 0.03515625
5 0.619140625 0.267578125 0.03125 0.03515625
6 0.61328125 0.21875 0.041015625 0.025390625
8 0.84375 0.220703125 0.04296875 0.02734375
2 0.498046875 0.21875 0.046875 0.03125
7 0.7265625 0.220703125 0.041015625 0.02734375
0 0.26171875 0.21484375 0.04296875 0.02734375
1 0.3828125 0.216796875 0.041015625 0.02734375