4 0.44756944444444446 0.36822916666666666 0.04730902777777779 0.022656250000000044
4 0.5374131944444445 0.37421875000000004 0.04535590277777768 0.022526041666666607
3 0.7131944444444445 0.38593750000000004 0.04535590277777768 0.022526041666666607
0 0.2690972222222222 0.3015625 0.03585069444444444 0.03359374999999998
1 0.3589409722222222 0.30755208333333334 0.03194444444444444 0.033333333333333326
5 0.35772569444444446 0.36223958333333334 0.026171874999999956 0.03684895833333335
3 0.26788194444444446 0.35624999999999996 0.04735243055555549 0.024609375000000044
7 0.6264756944444445 0.32734375 0.03194444444444455 0.033333333333333326
2 0.4487847222222222 0.31354166666666666 0.03576388888888893 0.029687499999999978
5 0.6233506944444445 0.37994791666666666 0.022265624999999956 0.036588541666666696
6 0.5366753472222222 0.31940104166666666 0.02795138888888893 0.029166666666666674
8 0.7143663194444445 0.333203125 0.03194444444444455 0.033333333333333326