0 0.12890625 0.29296875 0.025390625 0.02734375
1 0.201171875 0.287109375 0.02734375 0.03125
2 0.279296875 0.28125 0.02734375 0.03125
6 0.36328125 0.27734375 0.03125 0.03515625
7 0.44921875 0.26953125 0.03515625 0.033203125
8 0.541015625 0.26171875 0.03125 0.03125
5 0.12890625 0.341796875 0.01953125 0.03515625
4 0.201171875 0.33984375 0.041015625 0.01953125
3 0.279296875 0.3359375 0.041015625 0.021484375
5 0.361328125 0.33203125 0.021484375 0.037109375
3 0.44921875 0.326171875 0.046875 0.021484375
4 0.541015625 0.322265625 0.05078125 0.025390625