4 0.35130208333333335 0.3119936342592593 0.04412615740740744 0.022077546296296324
4 0.08981481481481482 0.3235966435185185 0.048032407407407385 0.022309027777777768
3 0.43528645833333335 0.3070167824074074 0.04401041666666661 0.020124421296296324
6 0.3524739583333333 0.259375 0.03103298611111116 0.03103298611111116
2 0.26665219907407406 0.26251446759259256 0.035170717592592604 0.035170717592592604
1 0.1827835648148148 0.2655381944444445 0.031032986111111105 0.03103298611111116
3 0.17770543981481482 0.3183883101851852 0.048032407407407385 0.022309027777777768
5 0.26548032407407407 0.31513310185185184 0.025636574074074048 0.038498263888888884
0 0.09098668981481481 0.2709780092592593 0.039076967592592604 0.03540219907407405
5 0.5192708333333333 0.30203993055555556 0.025636574074074048 0.038498263888888884
7 0.4384114583333333 0.2542824074074074 0.03103298611111116 0.03103298611111116
8 0.5221643518518518 0.25321180555555556 0.03103298611111116 0.03103298611111116