4 0.447265625 0.330078125 0.04296875 0.021484375
6 0.73046875 0.240234375 0.041015625 0.037109375
7 0.84375 0.224609375 0.04296875 0.037109375
3 0.533203125 0.32421875 0.046875 0.021484375
3 0.841796875 0.294921875 0.06640625 0.02734375
5 0.970703125 0.28125 0.03515625 0.05078125
2 0.626953125 0.25390625 0.041015625 0.037109375
1 0.53515625 0.263671875 0.03125 0.03515625
5 0.626953125 0.314453125 0.02734375 0.041015625
0 0.44921875 0.275390625 0.03515625 0.03125
4 0.73046875 0.3046875 0.052734375 0.021484375
8 0.970703125 0.2109375 0.046875 0.041015625