4 0.37890625 0.326171875 0.046875 0.015625
4 0.470703125 0.328125 0.046875 0.01171875
3 0.19921875 0.326171875 0.046875 0.015625
3 0.01953125 0.326171875 0.0390625 0.015625
5 0.107421875 0.32421875 0.02734375 0.03125
5 0.291015625 0.32421875 0.025390625 0.03125
8 0.470703125 0.291015625 0.03515625 0.025390625
7 0.384765625 0.2890625 0.03125 0.021484375
2 0.20703125 0.287109375 0.03515625 0.025390625
1 0.12109375 0.287109375 0.03515625 0.025390625
6 0.296875 0.287109375 0.03125 0.025390625
0 0.02734375 0.287109375 0.037109375 0.025390625