0 0.19473379629629628 0.13671875 0.06213831018518523 0.01953125
1 0.3451244212962963 0.13671875 0.05432581018518512 0.01953125
2 0.4935619212962963 0.13671875 0.05823206018518512 0.01953125
6 0.6424768518518518 0.142578125 0.05512152777777768 0.029296875
7 0.7886429398148148 0.138671875 0.04878472222222219 0.0234375
8 0.9352864583333333 0.140625 0.049103009259259256 0.02734375
3 0.20094039351851853 0.212890625 0.07513020833333334 0.03515625
3 0.34937789351851856 0.212890625 0.07724247685185182 0.037109375
5 0.5017216435185186 0.212890625 0.04415509259259265 0.0625
5 0.650318287037037 0.21484375 0.04431423611111107 0.064453125
4 0.797120949074074 0.21875 0.07544849537037024 0.0390625
4 0.941652199074074 0.21875 0.07349537037037024 0.0390625