3 0.4361979166666667 0.32265625 0.04701967592592593 0.022656250000000044
4 0.600289351851852 0.31562500000000004 0.04116030092592604 0.022265624999999956
4 0.3502604166666667 0.32838541666666665 0.04311342592592593 0.022395833333333393
3 0.680367476851852 0.31028645833333335 0.04116030092592604 0.022265624999999956
1 0.43582175925925926 0.271875 0.029499421296296235 0.029296875
6 0.5998987268518519 0.262890625 0.02756076388888884 0.031119791666666674
2 0.5178674768518519 0.268359375 0.02951388888888884 0.03125
5 0.5182291666666666 0.3171875 0.023683449074074048 0.03476562500000002
5 0.7604456018518518 0.30494791666666665 0.019777199074074048 0.03450520833333326
0 0.35182291666666665 0.2755208333333333 0.03342013888888884 0.03151041666666665
7 0.6819299768518519 0.257421875 0.02951388888888884 0.03125
8 0.7600694444444445 0.25416666666666665 0.027546296296296235 0.029166666666666674