4 0.072265625 0.35923032407407407 0.050564236111111105 0.02314814814814814
4 0.15625 0.3654513888888889 0.048611111111111105 0.02300347222222221
5 0.2404079861111111 0.3697193287037037 0.026736111111111127 0.03884548611111116
5 0.32634548611111114 0.3760850694444444 0.02673611111111107 0.03884548611111116
3 0.41228298611111114 0.3824508101851852 0.04505208333333344 0.02662037037037035
3 0.006293402777777778 0.3531539351851852 0.012586805555555556 0.02271412037037035
2 0.15881076388888887 0.31452546296296297 0.03190104166666663 0.03146701388888884
6 0.24509548611111112 0.3169849537037037 0.031901041666666685 0.03146701388888884
0 0.003396267361111111 0.30208333333333337 0.006792534722222222 0.03146701388888884
7 0.3310329861111111 0.3233506944444444 0.03190104166666674 0.03146701388888884
8 0.4169704861111111 0.32971643518518523 0.03190104166666674 0.03146701388888884
1 0.07482638888888889 0.30830439814814814 0.027994791666666657 0.03117766203703698