0 0.19100115740740742 0.22999131944444445 0.04973958333333334 0.037239583333333326
1 0.3062355324074074 0.23511284722222223 0.047468171296296324 0.03324652777777776
6 0.5347511574074074 0.24526909722222223 0.043561921296296324 0.033072916666666674
8 0.7590422453703703 0.25915798611111107 0.047468171296296324 0.03324652777777781
7 0.6457609953703705 0.2541232638888889 0.05201099537037024 0.04123263888888884
3 0.17514467592592592 0.2802517361111111 0.06604456018518523 0.022395833333333393
4 0.29803240740740744 0.2876736111111111 0.062297453703703765 0.024175347222222254
5 0.41521990740740744 0.2928819444444445 0.032638888888888884 0.04231770833333326
5 0.5324074074074074 0.2980902777777778 0.03411458333333339 0.036545138888888884
3 0.6494357638888889 0.3052517361111111 0.06604456018518512 0.022395833333333393
4 0.7646701388888889 0.31037326388888886 0.058391203703703765 0.024001736111111116
2 0.4214699074074074 0.240234375 0.041608796296296324 0.03298611111111116