6 0.759765625 0.38671875 0.0234375 0.0234375
8 0.857421875 0.3828125 0.021484375 0.0234375
7 0.806640625 0.384765625 0.021484375 0.025390625
2 0.7109375 0.38671875 0.021484375 0.0234375
1 0.6640625 0.38671875 0.021484375 0.025390625
0 0.6171875 0.388671875 0.021484375 0.021484375
4 0.6171875 0.41796875 0.02734375 0.017578125
3 0.6640625 0.41796875 0.029296875 0.015625
3 0.7109375 0.416015625 0.029296875 0.01953125
4 0.7578125 0.4140625 0.02734375 0.017578125
5 0.806640625 0.4140625 0.017578125 0.025390625
5 0.85546875 0.412109375 0.017578125 0.025390625