5 0.7265625 0.423828125 0.013671875 0.021484375
8 0.923828125 0.375 0.021484375 0.0234375
5 0.921875 0.404296875 0.015625 0.025390625
2 0.79296875 0.388671875 0.017578125 0.0234375
3 0.759765625 0.421875 0.0234375 0.015625
1 0.7578125 0.39453125 0.015625 0.021484375
6 0.83203125 0.384765625 0.01953125 0.021484375
4 0.875 0.408203125 0.02734375 0.015625
4 0.83203125 0.4140625 0.025390625 0.01171875
7 0.875 0.37890625 0.017578125 0.0234375
0 0.724609375 0.3984375 0.015625 0.01953125
3 0.79296875 0.41796875 0.01953125 0.013671875