0 0.3915653935185185 0.4165364583333333 0.021643518518518423 0.022916666666666696
1 0.44037905092592594 0.4178385416666667 0.021643518518518534 0.022916666666666696
2 0.4814091435185185 0.42252604166666663 0.01967592592592582 0.02083333333333326
6 0.530222800925926 0.423828125 0.01967592592592604 0.02083333333333337
7 0.573191550925926 0.42669270833333334 0.01967592592592604 0.02083333333333337
5 0.43667534722222223 0.444921875 0.013831018518518534 0.022395833333333393
3 0.39176793981481484 0.4438802083333333 0.02549189814814823 0.015364583333333348
4 0.48161168981481484 0.44986979166666663 0.02549189814814823 0.015364583333333348
4 0.5304542824074074 0.455078125 0.025491898148148007 0.015364583333333348
5 0.5753472222222222 0.45416666666666666 0.015784143518518423 0.02252604166666672
3 0.6183304398148148 0.458984375 0.025491898148148007 0.015364583333333348
8 0.618113425925926 0.4296875 0.01967592592592604 0.02083333333333337