0 0.640625 0.376953125 0.025390625 0.025390625
4 0.640625 0.408203125 0.03125 0.017578125
2 0.744140625 0.373046875 0.025390625 0.025390625
6 0.80078125 0.37109375 0.025390625 0.0234375
7 0.859375 0.369140625 0.0234375 0.025390625
8 0.916015625 0.3671875 0.02734375 0.029296875
1 0.693359375 0.375 0.0234375 0.0234375
3 0.693359375 0.40625 0.03125 0.017578125
3 0.748046875 0.40625 0.03125 0.017578125
4 0.80078125 0.404296875 0.033203125 0.017578125
5 0.859375 0.400390625 0.01953125 0.02734375
5 0.916015625 0.400390625 0.021484375 0.025390625
8 0.384765625 0.45703125 0.01171875 0.015625
8 0.396484375 0.451171875 0.01171875 0.02734375