4 0.985890480324074 0.34205729166666665 0.028219039351851993 0.02886284722222232
3 0.39861111111111114 0.3076678240740741 0.060749421296296235 0.03048321759259265
3 0.5197048611111111 0.31394675925925924 0.06465567129629624 0.030685763888888884
4 0.8830150462962962 0.3366898148148148 0.05684317129629646 0.030280671296296302
1 0.5191695601851852 0.24168113425925924 0.043272569444444464 0.043243634259259256
0 0.3980613425925926 0.2334490740740741 0.04719328703703707 0.04539930555555555
5 0.7619068287037036 0.3284577546296296 0.029673032407407263 0.05230034722222221
5 0.640798611111111 0.32022569444444443 0.029673032407407263 0.05230034722222221
2 0.6402633101851852 0.24796006944444443 0.043272569444444464 0.043243634259259256
6 0.7633101851851852 0.2543402777777778 0.041319444444444464 0.04314236111111114
7 0.8824652777777777 0.2624710648148148 0.043272569444444464 0.043243634259259256
8 0.9909613715277779 0.2681423611111111 0.018077256944444287 0.04202835648148151