4 0.5606336805555556 0.3192274305555556 0.05659722222222241 0.024247685185185164
3 0.3404079861111111 0.3100983796296296 0.06066261574074072 0.02625868055555558
4 0.45141782407407405 0.3156539351851852 0.06066261574074083 0.02625868055555558
3 0.23103298611111112 0.3084780092592593 0.06066261574074072 0.02625868055555558
7 0.5662037037037038 0.2508680555555556 0.03833912037037024 0.039583333333333304
1 0.23269675925925926 0.24006076388888886 0.04224537037037035 0.03964120370370372
6 0.4550347222222222 0.247265625 0.03802083333333339 0.035677083333333304
5 0.6680555555555556 0.3208188657407407 0.02889178240740753 0.043344907407407485
8 0.6754195601851851 0.2544415509259259 0.03802083333333339 0.035677083333333304
5 0.11221064814814814 0.30280671296296297 0.029050925925925924 0.045298032407407374
0 0.1177806712962963 0.23444733796296297 0.04810474537037035 0.039728009259259234
2 0.3458188657407407 0.2436921296296296 0.04192708333333339 0.03573495370370372