3 0.8294994212962963 0.3492766203703703 0.0614872685185186 0.02897858796296293
5 0.619212962962963 0.35435474537037037 0.03081597222222232 0.04275173611111116
7 0.8289207175925926 0.2810329861111111 0.0463686342592593 0.041724537037037046
8 0.9534143518518519 0.2747685185185185 0.05034722222222232 0.04390914351851849
4 0.7204137731481481 0.3506076388888889 0.05157696759259256 0.02449363425925921
4 0.44408275462962965 0.36151620370370374 0.04383680555555558 0.025983796296296324
3 0.5277777777777778 0.35868055555555556 0.04571759259259256 0.024146412037037046
2 0.6169704861111112 0.29380787037037037 0.03645833333333348 0.037239583333333326
0 0.4439380787037037 0.30499131944444446 0.03443287037037035 0.035170717592592604
5 0.9540653935185186 0.34496527777777775 0.0370370370370372 0.05286458333333344
1 0.5295862268518519 0.302271412037037 0.03255208333333326 0.03700810185185177
6 0.7180989583333333 0.2881076388888889 0.04036458333333348 0.03747106481481488