3 0.28515625 0.36328125 0.037109375 0.015625
4 0.56640625 0.373046875 0.03515625 0.015625
4 0.630859375 0.376953125 0.03125 0.015625
5 0.431640625 0.369140625 0.01953125 0.03125
3 0.357421875 0.3671875 0.041015625 0.015625
1 0.361328125 0.32421875 0.029296875 0.029296875
0 0.28515625 0.3203125 0.033203125 0.029296875
6 0.501953125 0.330078125 0.02734375 0.02734375
5 0.5 0.37109375 0.01953125 0.02734375
7 0.568359375 0.33203125 0.0234375 0.02734375
2 0.431640625 0.326171875 0.02734375 0.029296875
8 0.634765625 0.3359375 0.0234375 0.02734375