2 0.560546875 0.3647135416666667 0.023394097222222188 0.02196180555555549
0 0.455078125 0.36236979166666666 0.02517361111111116 0.020052083333333304
8 0.716796875 0.3681857638888889 0.025520833333333437 0.023958333333333304
1 0.509765625 0.36358506944444446 0.021614583333333437 0.02387152777777779
5 0.45425347222222223 0.3936631944444444 0.019661458333333326 0.02382812500000009
4 0.6591579861111111 0.4001736111111111 0.028732638888888884 0.01623263888888893
3 0.7118923611111111 0.4013454861111111 0.030685763888888884 0.01627604166666674
6 0.61328125 0.3658854166666667 0.02126736111111116 0.01996527777777779
4 0.6083767361111111 0.3990451388888889 0.032638888888888884 0.016319444444444442
0 0.6640625 0.36701388888888886 0.02126736111111116 0.01996527777777768
5 0.5577690972222222 0.3959635416666667 0.019661458333333215 0.02382812500000009
3 0.5050347222222222 0.39479166666666665 0.03246527777777786 0.014366319444444442