6 0.6057436342592593 0.37583912037037037 0.02275752314814805 0.02180266203703707
2 0.5491030092592593 0.375 0.022989004629629717 0.02570891203703707
3 0.49833622685185186 0.40742187500000004 0.032175925925926 0.016087962962962887
4 0.44364872685185186 0.4066116898148148 0.030338541666666607 0.01801215277777779
1 0.49636863425925926 0.37421875 0.02275752314814805 0.02180266203703707
7 0.6584780092592593 0.3766203703703703 0.02275752314814805 0.02180266203703707
3 0.5530237268518519 0.4082320601851852 0.030222800925925997 0.01605902777777768
0 0.44168113425925926 0.3734085648148148 0.022757523148148162 0.02180266203703707
8 0.7131655092592593 0.37743055555555555 0.02275752314814805 0.02180266203703707
4 0.6078269675925926 0.41099537037037037 0.030222800925925997 0.01605902777777779
5 0.6604456018518519 0.4098234953703703 0.017129629629629717 0.025622106481481444
5 0.7151331018518519 0.41063368055555555 0.017129629629629717 0.025622106481481444