3 0.452662037037037 0.3315972222222222 0.04289641203703698 0.02105034722222221
4 0.21223958333333331 0.34244791666666663 0.04894386574074072 0.02322048611111116
4 0.13392650462962963 0.34729456018518523 0.048755787037037035 0.02126736111111116
3 0.05580150462962963 0.3501880787037037 0.042896412037037035 0.02105034722222221
5 0.29231770833333337 0.3394820601851852 0.024869791666666696 0.03595196759259256
5 0.372583912037037 0.3345630787037037 0.02254050925925921 0.03197337962962954
2 0.21712962962962962 0.29166666666666663 0.029976851851851838 0.0283564814814814
6 0.2972077546296296 0.2887008101851852 0.029976851851851838 0.02835648148148151
0 0.05855034722222222 0.30143229166666663 0.03388310185185185 0.02850115740740744
7 0.3772858796296296 0.2857349537037037 0.03388310185185184 0.02850115740740744
8 0.4593171296296296 0.2826967592592593 0.03388310185185184 0.02850115740740744
1 0.13881655092592593 0.2965133101851852 0.02978877314814815 0.02640335648148151