3 0.38802083333333337 0.3515625 0.0439814814814814 0.01953125
4 0.30208333333333337 0.3515625 0.0439814814814814 0.01953125
3 0.1303096064814815 0.349609375 0.04788773148148151 0.01953125
4 0.042418981481481474 0.349609375 0.04398148148148148 0.01953125
6 0.3049189814814815 0.296875 0.03081597222222221 0.029296875
7 0.3906539351851852 0.30078125 0.03081597222222232 0.029296875
2 0.2189814814814815 0.296875 0.03862847222222221 0.029296875
1 0.13499710648148147 0.296875 0.03061342592592592 0.025390625
5 0.2162471064814815 0.349609375 0.025361689814814792 0.037109375
5 0.47200520833333337 0.3515625 0.021252893518518556 0.033203125
0 0.043402777777777776 0.29296875 0.034924768518518515 0.033203125
8 0.4765914351851852 0.30078125 0.03081597222222232 0.029296875