3 0.5349537037037038 0.3576533564814815 0.03366608796296289 0.017592592592592604
3 0.2419849537037037 0.3750144675925926 0.029759837962963 0.01736111111111116
4 0.3005787037037037 0.3715422453703704 0.029759837962963 0.01736111111111116
4 0.3591724537037037 0.3680700231481482 0.029759837962963 0.01736111111111116
8 0.5358072916666667 0.3204282407407407 0.024131944444444553 0.024826388888888884
6 0.4166666666666667 0.3274884259259259 0.024131944444444442 0.024826388888888884
2 0.3561197916666667 0.3310763888888889 0.026085069444444442 0.024942129629629717
0 0.24088541666666669 0.3379050925925926 0.024131944444444442 0.024826388888888884
5 0.4763599537037037 0.3611255787037037 0.01649305555555558 0.030222800925925886
7 0.4752604166666667 0.3240162037037037 0.024131944444444442 0.024826388888888884
5 0.4177662037037037 0.3645978009259259 0.01649305555555558 0.030222800925925886
1 0.2994791666666667 0.3344328703703704 0.024131944444444442 0.024826388888888884