0 0.41015625 0.3984375 0.021484375 0.017578125
1 0.451171875 0.3984375 0.017578125 0.017578125
2 0.4921875 0.3984375 0.017578125 0.017578125
6 0.533203125 0.3984375 0.017578125 0.01953125
7 0.57421875 0.3984375 0.01953125 0.01953125
8 0.615234375 0.400390625 0.017578125 0.01953125
3 0.408203125 0.42578125 0.021484375 0.015625
3 0.451171875 0.423828125 0.0234375 0.015625
5 0.4921875 0.423828125 0.013671875 0.021484375
5 0.53125 0.42578125 0.013671875 0.021484375
4 0.572265625 0.42578125 0.021484375 0.015625
4 0.615234375 0.42578125 0.021484375 0.015625