4 0.7113715277777778 0.28152488425925926 0.04260706018518512 0.02391493055555549
3 0.8755787037037037 0.27375578703703707 0.04231770833333326 0.02000868055555549
4 0.7955005787037037 0.27850115740740744 0.04231770833333326 0.02000868055555549
3 0.5473090277777778 0.29124710648148144 0.04260706018518512 0.02391493055555549
7 0.7897858796296297 0.22783564814814816 0.03327546296296302 0.029195601851851882
5 0.4652777777777778 0.2961082175925926 0.02408854166666674 0.03642939814814816
5 0.6293402777777778 0.28638599537037035 0.02604166666666674 0.036545138888888884
8 0.8718171296296297 0.22297453703703704 0.03327546296296302 0.029195601851851827
6 0.7077546296296297 0.23269675925925926 0.02936921296296302 0.028964120370370328
2 0.6257233796296297 0.23755787037037038 0.03356481481481488 0.03310185185185183
0 0.45970775462962965 0.24739583333333331 0.03356481481481488 0.03310185185185188
1 0.5436921296296297 0.2424189814814815 0.02965856481481488 0.03287037037037033
2 0.04260706018518519 0.38981481481481484 0.014973958333333343 0.018388310185185164
8 0.09577546296296297 0.3925491898148148 0.014684606481481483 0.014482060185185164
5 0.09707754629629631 0.4101273148148148 0.015263310185185175 0.022294560185185164
8 0.1408420138888889 0.39184027777777775 0.015263310185185175 0.022294560185185164
3 0.12261284722222222 0.4105758101851852 0.018590856481481483 0.014713541666666718
5 0.06872106481481481 0.39807581018518523 0.020471643518518517 0.04010416666666661
8 0.1193576388888889 0.3931134259259259 0.014973958333333315 0.018388310185185164
3 0.19675925925925924 0.4316840277777778 0.02249710648148151 0.014945023148148051
8 0.06589988425925927 0.38647280092592595 0.019169560185185175 0.022526041666666607