0 0.314453125 0.353515625 0.0234375 0.025390625
1 0.369140625 0.3515625 0.021484375 0.02734375
2 0.423828125 0.34765625 0.025390625 0.025390625
6 0.484375 0.341796875 0.0234375 0.025390625
7 0.544921875 0.33984375 0.025390625 0.02734375
8 0.611328125 0.3359375 0.029296875 0.02734375
4 0.314453125 0.390625 0.03125 0.01953125
3 0.3671875 0.388671875 0.033203125 0.01953125
5 0.42578125 0.384765625 0.021484375 0.033203125
4 0.482421875 0.3828125 0.033203125 0.021484375
3 0.544921875 0.380859375 0.03515625 0.01953125
5 0.611328125 0.375 0.01953125 0.03125