3 0.1638454861111111 0.31705729166666663 0.05960648148148151 0.02907986111111116
4 0.38621238425925924 0.3182725694444445 0.05555555555555558 0.025057870370370328
4 0.49334490740740744 0.3229021990740741 0.05164930555555558 0.024942129629629606
6 0.39055266203703703 0.25376157407407407 0.03848379629629628 0.038208912037037024
5 0.27705439814814814 0.3156539351851852 0.02900752314814814 0.045732060185185164
1 0.16652199074074076 0.24479166666666666 0.04644097222222221 0.04234664351851852
3 0.5908564814814815 0.32391493055555554 0.05164930555555558 0.024942129629629717
2 0.27944155092592593 0.2512008101851852 0.04239004629629628 0.038324652777777746
5 0.041015625 0.31484375 0.032986111111111105 0.047800925925926
0 0.041666666666666664 0.2445891203703704 0.048249421296296294 0.038498263888888884
7 0.49385127314814814 0.25655381944444444 0.03443287037037046 0.0341869212962963
8 0.5932436342592593 0.25946180555555554 0.03833912037037024 0.034302662037037024