3 0.2734375 0.263671875 0.05859375 0.021484375
3 0.51953125 0.265625 0.0625 0.01953125
4 0.76171875 0.26953125 0.056640625 0.01953125
4 0.87890625 0.26953125 0.052734375 0.01953125
5 0.396484375 0.265625 0.03125 0.037109375
5 0.638671875 0.265625 0.03515625 0.037109375
8 0.86328125 0.220703125 0.04296875 0.02734375
2 0.517578125 0.216796875 0.041015625 0.02734375
1 0.40234375 0.21484375 0.04296875 0.03125
7 0.74609375 0.220703125 0.041015625 0.02734375
6 0.6328125 0.216796875 0.041015625 0.02734375
0 0.28125 0.21484375 0.05078125 0.03125