4 0.875 0.3984375 0.033203125 0.015625
0 0.59375 0.37109375 0.0234375 0.0234375
3 0.59375 0.404296875 0.029296875 0.015625
4 0.81640625 0.400390625 0.033203125 0.017578125
1 0.650390625 0.37109375 0.021484375 0.021484375
5 0.703125 0.400390625 0.017578125 0.025390625
5 0.759765625 0.400390625 0.017578125 0.025390625
3 0.646484375 0.40234375 0.03125 0.015625
2 0.703125 0.3671875 0.0234375 0.0234375
8 0.875 0.36328125 0.025390625 0.025390625
7 0.814453125 0.365234375 0.0234375 0.0234375
6 0.759765625 0.365234375 0.025390625 0.025390625
5 0.33203125 0.4453125 0.009765625 0.02734375
5 0.34765625 0.447265625 0.01171875 0.025390625
8 0.314453125 0.439453125 0.009765625 0.015625
5 0.294921875 0.4375 0.009765625 0.01953125
8 0.36328125 0.44921875 0.015625 0.02734375