4 0.9698929398148148 0.34175347222222224 0.043778935185185164 0.029571759259259256
4 0.8605179398148148 0.33608217592592593 0.053544560185185164 0.030078124999999956
3 0.49930555555555556 0.3134403935185185 0.06331018518518516 0.030584490740740655
3 0.37821180555555556 0.3071614583333333 0.061357060185185164 0.03048321759259265
1 0.5015046296296296 0.23922164351851855 0.04412615740740744 0.041290509259259256
0 0.3804108796296296 0.23294270833333333 0.04814814814814805 0.04539930555555555
5 0.7395399305555556 0.32589699074074074 0.030685763888888884 0.04839409722222221
2 0.6225983796296296 0.24550057870370373 0.04412615740740744 0.041290509259259256
5 0.6203993055555556 0.31971932870370373 0.030685763888888884 0.04839409722222221
6 0.7436921296296296 0.25177951388888886 0.04021990740740744 0.04108796296296302
7 0.8627170138888889 0.26186342592592593 0.04412615740740744 0.041290509259259256
8 0.9759982638888889 0.26773726851851853 0.03436053240740744 0.040784143518518556