4 0.5975549768518518 0.31746238425925927 0.04555844907407414 0.022149884259259234
4 0.5136284722222222 0.3206597222222222 0.041536458333333304 0.01818576388888893
3 0.8495081018518518 0.31372974537037035 0.04165219907407414 0.02209201388888893
3 0.4315972222222222 0.321875 0.041536458333333304 0.01818576388888893
8 0.8479456018518519 0.26099537037037035 0.032060185185185164 0.027806712962963
5 0.7655237268518518 0.3149739583333333 0.024479166666666607 0.035503472222222276
6 0.6799768518518519 0.2634837962962963 0.028153935185185164 0.027748842592592582
5 0.6815393518518518 0.31621817129629626 0.022526041666666607 0.03547453703703707
7 0.7639612268518519 0.2622395833333333 0.032175925925926 0.03171296296296289
0 0.4300347222222222 0.269140625 0.036082175925925886 0.031770833333333304
1 0.5140190972222223 0.26789641203703707 0.032175925925925775 0.03171296296296289
2 0.5960503472222223 0.26668113425925927 0.032175925925925775 0.031712962962963