4 0.72265625 0.361328125 0.041015625 0.015625
6 0.72265625 0.31640625 0.025390625 0.025390625
4 0.49609375 0.359375 0.037109375 0.01953125
0 0.49609375 0.310546875 0.03125 0.02734375
5 0.869140625 0.36328125 0.01953125 0.03125
1 0.57421875 0.3125 0.02734375 0.025390625
2 0.6484375 0.314453125 0.02734375 0.02734375
3 0.794921875 0.36328125 0.03515625 0.01953125
5 0.6484375 0.361328125 0.021484375 0.03515625
3 0.57421875 0.359375 0.041015625 0.01953125
7 0.794921875 0.31640625 0.02734375 0.025390625
8 0.869140625 0.31640625 0.025390625 0.02734375