3 0.33359375 0.38311631944444446 0.03216145833333339 0.018967013888888884
3 0.28106192129629626 0.3846788194444445 0.030208333333333393 0.01888020833333326
5 0.2341869212962963 0.3825954861111111 0.021151620370370328 0.03211805555555558
5 0.5068142361111111 0.3791232638888889 0.023307291666666785 0.036111111111111094
4 0.3880787037037037 0.381640625 0.03606770833333339 0.019140625000000022
4 0.44646990740740744 0.3803385416666667 0.030107060185185164 0.01692708333333326
8 0.5045862268518518 0.33615451388888884 0.024855324074074092 0.028385416666666607
6 0.3838975694444444 0.33858506944444444 0.020746527777777857 0.02430555555555558
1 0.2789351851851852 0.34366319444444443 0.020746527777777746 0.02430555555555558
0 0.23041087962962964 0.34735243055555554 0.020949074074074092 0.02821180555555558
2 0.32941261574074077 0.34006076388888884 0.024855324074074092 0.028385416666666607
7 0.4421875 0.33532986111111107 0.024855324074074092 0.028385416666666607