4 0.72265625 0.29296875 0.052734375 0.025390625
3 0.384765625 0.291015625 0.0625 0.025390625
3 0.26953125 0.291015625 0.05859375 0.025390625
4 0.8359375 0.29296875 0.052734375 0.025390625
1 0.38671875 0.22265625 0.041015625 0.037109375
5 0.498046875 0.2890625 0.02734375 0.046875
5 0.611328125 0.291015625 0.02734375 0.04296875
0 0.26953125 0.220703125 0.04296875 0.041015625
2 0.498046875 0.22265625 0.041015625 0.037109375
8 0.833984375 0.224609375 0.037109375 0.037109375
7 0.72265625 0.224609375 0.041015625 0.037109375
6 0.61328125 0.22265625 0.037109375 0.037109375