4 0.37109375 0.40625 0.029296875 0.017578125
3 0.423828125 0.40625 0.029296875 0.017578125
4 0.52734375 0.40625 0.02734375 0.017578125
3 0.474609375 0.40625 0.02734375 0.017578125
7 0.576171875 0.373046875 0.021484375 0.021484375
0 0.37109375 0.373046875 0.021484375 0.0234375
8 0.62890625 0.373046875 0.01953125 0.021484375
5 0.578125 0.404296875 0.017578125 0.029296875
2 0.47265625 0.373046875 0.021484375 0.021484375
5 0.62890625 0.40625 0.015625 0.025390625
6 0.52734375 0.375 0.021484375 0.0234375
1 0.423828125 0.373046875 0.021484375 0.021484375