5 0.5444878472222222 0.35173611111111114 0.03052662037037046 0.04438657407407409
2 0.5471643518518519 0.28913483796296297 0.03595196759259256 0.038831018518518556
3 0.7468171296296297 0.34654224537037037 0.06271701388888884 0.03243634259259265
4 0.3716001157407407 0.3564959490740741 0.04275173611111116 0.025564236111111027
1 0.4603587962962963 0.29639756944444445 0.0356626157407407 0.034924768518518556
3 0.4540653935185185 0.3548900462962963 0.04680266203703698 0.027719907407407485
7 0.751880787037037 0.27818287037037037 0.04014756944444464 0.04293981481481479
4 0.6409143518518519 0.34693287037037035 0.05447048611111116 0.026171874999999956
5 0.8668258101851852 0.34100115740740744 0.037109375 0.054456018518518556
6 0.6455439814814815 0.28443287037037035 0.03595196759259256 0.038831018518518556
0 0.37565104166666663 0.30180844907407406 0.03776041666666674 0.036979166666666674
8 0.8720341435185185 0.27068865740740744 0.04405381944444442 0.04314236111111103