4 0.4692853009259259 0.32045717592592593 0.04354745370370372 0.022077546296296324
4 0.5513165509259259 0.31559606481481484 0.04354745370370372 0.022077546296296324
3 0.3013165509259259 0.3304108796296297 0.04354745370370372 0.022077546296296324
3 0.7154369212962963 0.3078269675925926 0.04159432870370372 0.021961805555555602
0 0.29975405092592594 0.2776765046296296 0.032060185185185164 0.029195601851851882
5 0.6313946759259259 0.31085069444444446 0.020572916666666607 0.03631365740740744
1 0.38178530092592594 0.2728153935185185 0.028153935185185164 0.028964120370370328
7 0.6299479166666666 0.26202256944444446 0.032060185185185386 0.02919560185185177
2 0.4658275462962963 0.26979166666666665 0.028269675925925886 0.03287037037037033
5 0.3832899305555556 0.3235966435185185 0.022526041666666607 0.03642939814814816
6 0.5479166666666666 0.26688368055555556 0.028153935185185386 0.028964120370370328
8 0.7139322916666666 0.2570457175925926 0.028153935185185386 0.028964120370370328