4 0.7578125 0.34375 0.041015625 0.01953125
3 0.677734375 0.33984375 0.04296875 0.021484375
3 0.8359375 0.345703125 0.041015625 0.021484375
4 0.505859375 0.333984375 0.04296875 0.01953125
2 0.59375 0.28515625 0.03125 0.03125
5 0.591796875 0.3359375 0.021484375 0.03515625
0 0.41796875 0.275390625 0.03515625 0.03125
6 0.67578125 0.287109375 0.02734375 0.03125
5 0.41796875 0.33203125 0.021484375 0.037109375
7 0.7578125 0.291015625 0.02734375 0.03125
1 0.505859375 0.279296875 0.03125 0.02734375
8 0.8359375 0.294921875 0.02734375 0.02734375