2 0.57734375 0.31315104166666663 0.030512152777777857 0.02842881944444442
6 0.63984375 0.31083622685185186 0.026605902777777857 0.02828414351851849
1 0.51484375 0.3154658564814815 0.028559027777777857 0.0283564814814814
4 0.4540798611111111 0.3568431712962963 0.03797743055555558 0.02090567129629628
7 0.70234375 0.30852141203703703 0.030512152777777857 0.02842881944444442
3 0.5185329861111111 0.3544560185185185 0.035937499999999956 0.01888020833333326
0 0.45039062500000004 0.31785300925925924 0.024479166666666607 0.02430555555555558
5 0.7665798611111111 0.3452690972222222 0.020920138888888884 0.03197337962962965
4 0.6415798611111111 0.34989872685185186 0.03797743055555558 0.02090567129629628
3 0.5810329861111111 0.3521412037037037 0.033984374999999956 0.01880787037037046
8 0.76484375 0.3062065972222222 0.030512152777777857 0.02842881944444442
5 0.7060329861111111 0.34751157407407407 0.02083333333333326 0.03002025462962965