3 0.4219907407407407 0.271875 0.07024016203703698 0.02408854166666674
4 0.6774739583333333 0.2928385416666667 0.06438078703703698 0.023697916666666652
3 0.16631944444444446 0.25286458333333334 0.06671006944444446 0.027734374999999978
5 0.29717881944444446 0.2615885416666667 0.036588541666666696 0.03736979166666665
4 0.8005208333333333 0.30104166666666665 0.06047453703703698 0.0234375
5 0.548755787037037 0.28229166666666666 0.036588541666666696 0.03736979166666665
8 0.7917390046296297 0.24934895833333334 0.04774305555555558 0.03229166666666666
2 0.428833912037037 0.22122395833333333 0.04774305555555558 0.03229166666666666
1 0.307740162037037 0.21315104166666668 0.04774305555555558 0.03229166666666666
7 0.6667390046296297 0.241015625 0.04188368055555558 0.03190104166666663
0 0.18274016203703702 0.20481770833333335 0.05164930555555558 0.03255208333333337
6 0.549927662037037 0.229296875 0.04774305555555558 0.03229166666666672