3 0.34765625 0.3984375 0.025390625 0.015625
3 0.392578125 0.39453125 0.02734375 0.015625
4 0.49609375 0.388671875 0.02734375 0.015625
4 0.4453125 0.392578125 0.02734375 0.015625
5 0.30078125 0.400390625 0.015625 0.025390625
5 0.55078125 0.38671875 0.015625 0.02734375
6 0.443359375 0.35546875 0.01953125 0.025390625
2 0.392578125 0.361328125 0.021484375 0.021484375
1 0.34765625 0.36328125 0.01953125 0.021484375
8 0.55078125 0.34765625 0.021484375 0.021484375
7 0.49609375 0.3515625 0.01953125 0.021484375
0 0.30078125 0.3671875 0.01953125 0.021484375