3 0.17918113425925924 0.38404224537037035 0.028761574074074092 0.01569733796296302
4 0.29852430555555554 0.37326388888888884 0.033072916666666674 0.01989293981481488
4 0.23993055555555554 0.37760416666666663 0.033072916666666674 0.01989293981481488
3 0.48016493055555554 0.3598090277777778 0.036979166666666674 0.02018229166666674
8 0.4840133101851852 0.3226996527777778 0.025868055555555602 0.02517361111111116
1 0.24377893518518517 0.34049479166666663 0.025868055555555602 0.02517361111111116
7 0.4234664351851852 0.3271846064814815 0.025868055555555602 0.02517361111111116
6 0.3629195601851852 0.3316695601851852 0.023914930555555602 0.02502893518518523
0 0.1808738425925926 0.3490306712962963 0.025868055555555547 0.02517361111111116
5 0.41961805555555554 0.3642939814814815 0.020818865740740655 0.03255208333333326
2 0.3021701388888889 0.33810763888888884 0.026273148148148184 0.02907986111111116
5 0.35711805555555554 0.3689236111111111 0.020818865740740655 0.03255208333333337