4 0.564453125 0.30859375 0.052734375 0.021484375
3 0.353515625 0.302734375 0.056640625 0.025390625
4 0.458984375 0.306640625 0.056640625 0.025390625
3 0.24609375 0.302734375 0.056640625 0.025390625
7 0.564453125 0.244140625 0.03515625 0.037109375
1 0.244140625 0.23828125 0.037109375 0.037109375
6 0.45703125 0.2421875 0.03515625 0.03515625
5 0.666015625 0.30859375 0.025390625 0.041015625
8 0.66796875 0.24609375 0.03515625 0.03515625
5 0.134765625 0.30078125 0.025390625 0.04296875
0 0.134765625 0.234375 0.04296875 0.037109375
2 0.353515625 0.23828125 0.037109375 0.03515625