4 0.83984375 0.26953125 0.056640625 0.01953125
3 0.478515625 0.265625 0.0625 0.01953125
3 0.232421875 0.263671875 0.05859375 0.021484375
8 0.82421875 0.22265625 0.04296875 0.03125
4 0.72265625 0.26953125 0.056640625 0.01953125
5 0.35546875 0.263671875 0.03125 0.03515625
2 0.478515625 0.216796875 0.04296875 0.02734375
5 0.599609375 0.267578125 0.03125 0.03515625
7 0.70703125 0.220703125 0.037109375 0.02734375
6 0.595703125 0.216796875 0.041015625 0.02734375
1 0.36328125 0.21484375 0.04296875 0.03125
0 0.2421875 0.21484375 0.046875 0.03125