0 0.073046875 0.13177083333333334 0.070703125 0.008984374999999989
1 0.24153645833333331 0.14704861111111112 0.05234375000000002 0.025694444444444464
2 0.39817708333333335 0.15985243055555556 0.05117187499999998 0.037326388888888895
6 0.5455729166666667 0.18003472222222222 0.04622395833333348 0.05073784722222219
7 0.679296875 0.19960937499999998 0.05364583333333339 0.045225694444444464
8 0.803125 0.216796875 0.038281250000000044 0.04843750000000002
3 0.07604166666666667 0.20590277777777777 0.08411458333333333 0.03489583333333335
3 0.25078125 0.22730034722222223 0.07447916666666665 0.03641493055555556
5 0.409765625 0.24605034722222224 0.044921875 0.060416666666666674
5 0.553125 0.2641059027777778 0.0390625 0.06015625000000002
4 0.6829427083333333 0.28350694444444446 0.06432291666666679 0.030121527777777768
4 0.8065104166666667 0.29678819444444443 0.05833333333333335 0.027907986111111116