7 0.2554253472222222 0.390625 0.016102430555555602 0.02264178240740744
4 0.21380208333333334 0.4149305555555556 0.025694444444444464 0.01555266203703698
5 0.06575520833333334 0.38635706018518523 0.016276041666666685 0.03045428240740744
8 0.2943576388888889 0.3993778935185185 0.01610243055555549 0.02264178240740744
2 0.1697482638888889 0.3725405092592593 0.020008680555555547 0.0229311342592593
4 0.25473090277777777 0.421875 0.021788194444444464 0.01526331018518523
5 0.28980034722222225 0.42838541666666663 0.014149305555555491 0.0224971064814814
3 0.11831597222222223 0.39807581018518523 0.02964409722222222 0.01779513888888884
0 0.06653645833333333 0.35120081018518523 0.022048611111111116 0.02698206018518512
6 0.21453993055555556 0.3817274305555556 0.020008680555555547 0.0229311342592593
1 0.12109375 0.36111111111111116 0.020008680555555547 0.0229311342592593