1 0.03412905092592593 0.328125 0.0218605324074074 0.026822916666666696
2 0.08111979166666666 0.3390625 0.0238136574074074 0.026953125000000022
6 0.12225115740740741 0.349609375 0.021802662037037013 0.022916666666666696
7 0.1613715277777778 0.35611979166666663 0.019907407407407374 0.02669270833333326
8 0.19856770833333331 0.36445312500000004 0.019907407407407374 0.02669270833333326
4 0.034678819444444446 0.365234375 0.023697916666666666 0.019140625000000022
5 0.08158275462962963 0.3703125 0.02186053240740743 0.026822916666666696
3 0.12268518518518517 0.37890625 0.02559317129629629 0.015364583333333348
4 0.16180555555555554 0.38541666666666663 0.021715856481481444 0.017057291666666696
3 0.1970486111111111 0.39361979166666666 0.02168692129629629 0.015104166666666696
0 0.9762008101851852 0.43580729166666665 0.01982060185185186 0.02083333333333326
3 0.9785590277777778 0.46328125 0.019762731481481444 0.01692708333333326