4 0.21630497685185185 0.32197627314814814 0.04311342592592593 0.02112268518518512
3 0.13036747685185185 0.3251591435185185 0.03920717592592593 0.0209780092592593
3 0.5522424768518519 0.3095341435185185 0.04311342592592604 0.02112268518518512
4 0.29833622685185185 0.3189380787037037 0.04311342592592593 0.02112268518518512
0 0.13074363425925925 0.2743778935185185 0.033420138888888895 0.03052662037037046
7 0.4686631944444445 0.25795717592592593 0.02951388888888884 0.03038194444444442
8 0.5546006944444444 0.2547743055555556 0.03342013888888884 0.03052662037037035
6 0.3826967592592593 0.2650462962962963 0.02951388888888884 0.03038194444444442
5 0.38233506944444445 0.3138744212962963 0.023712384259259256 0.03797743055555558
1 0.21668113425925925 0.27119502314814814 0.029513888888888895 0.03038194444444442
2 0.2987123842592593 0.2681568287037037 0.03342013888888884 0.03052662037037046
5 0.46827256944444445 0.31069155092592593 0.023712384259259256 0.03797743055555558