3 0.2537760416666667 0.3768229166666667 0.02990451388888893 0.015625
4 0.3064236111111111 0.37135416666666665 0.029991319444444442 0.017578125
3 0.5251736111111112 0.3567708333333333 0.029991319444444553 0.017578125
4 0.3650173611111111 0.36744791666666665 0.029991319444444442 0.017578125
8 0.523611111111111 0.3216145833333333 0.024479166666666607 0.025000000000000022
6 0.41627604166666665 0.33072916666666663 0.02039930555555558 0.02083333333333326
0 0.2523003472222222 0.3436197916666667 0.02447916666666672 0.025000000000000022
7 0.47087673611111114 0.32513020833333334 0.020572916666666607 0.02473958333333337
5 0.41579861111111116 0.36406249999999996 0.016666666666666607 0.024479166666666607
1 0.30690104166666665 0.3380208333333333 0.02039930555555558 0.02083333333333326
2 0.35954861111111114 0.3325520833333333 0.024479166666666607 0.02499999999999991
5 0.47039930555555554 0.3584635416666667 0.016753472222222232 0.026432291666666607