4 0.7651909722222223 0.30729166666666663 0.04369212962962976 0.022395833333333393
3 0.6070601851851851 0.3197916666666667 0.03971354166666652 0.02018229166666674
4 0.6832320601851851 0.31471354166666665 0.04752604166666652 0.020703125000000044
3 0.9913556134259259 0.29375 0.01728877314814814 0.01953125
7 0.9235387731481481 0.24778645833333335 0.03038194444444442 0.03125
6 0.8434606481481481 0.253125 0.03038194444444442 0.03125
1 0.6833767361111112 0.2657552083333333 0.0303096064814814 0.029296875
0 0.6032986111111112 0.27109375 0.0303096064814814 0.029296875
5 0.8452690972222223 0.301953125 0.02466724537037024 0.03476562500000002
5 0.9253472222222223 0.29661458333333335 0.02466724537037024 0.03476562499999991
8 0.993724681712963 0.24270833333333333 0.012550636574073959 0.030859374999999967
2 0.7634548611111112 0.2604166666666667 0.0303096064814814 0.029296875