3 0.513671875 0.349609375 0.041015625 0.01953125
4 0.1953125 0.353515625 0.041015625 0.01953125
3 0.115234375 0.3515625 0.04296875 0.021484375
4 0.2734375 0.353515625 0.041015625 0.01953125
8 0.513671875 0.30078125 0.02734375 0.02734375
5 0.353515625 0.3515625 0.01953125 0.03515625
6 0.35546875 0.30078125 0.02734375 0.02734375
5 0.43359375 0.3515625 0.021484375 0.03515625
7 0.43359375 0.30078125 0.02734375 0.02734375
0 0.115234375 0.3046875 0.03125 0.02734375
1 0.1953125 0.3046875 0.02734375 0.02734375
2 0.2734375 0.302734375 0.02734375 0.03125