4 0.4912181712962963 0.32708333333333334 0.04846643518518512 0.021614583333333326
4 0.5791087962962963 0.32317708333333334 0.04846643518518512 0.021614583333333326
3 0.3095775462962963 0.33515625 0.04846643518518512 0.021614583333333326
3 0.7571614583333333 0.31918402777777777 0.04456018518518512 0.021440972222222188
0 0.3051215277777778 0.28046875000000004 0.035749421296296324 0.03272569444444451
5 0.6671585648148148 0.32122395833333334 0.022554976851851816 0.03797743055555558
1 0.3930121527777778 0.2765625 0.033796296296296324 0.032638888888888884
7 0.6627025462962963 0.26653645833333334 0.035749421296296324 0.0327256944444444
2 0.4848090277777778 0.2724826388888889 0.03395543981481475 0.034592013888888884
5 0.39730902777777777 0.32929687500000004 0.026461226851851816 0.03815104166666661
6 0.5728587962962963 0.2705295138888889 0.033796296296296324 0.032638888888888884
8 0.7525462962962963 0.26254340277777777 0.033796296296296324 0.032638888888888884