6 0.783203125 0.3413917824074074 0.025390625 0.030613425925925863
5 0.93359375 0.3980179398148148 0.01953125 0.03812210648148151
1 0.62890625 0.3294849537037037 0.025390625 0.030613425925925863
4 0.548828125 0.37416087962962963 0.0390625 0.02155671296296302
7 0.859375 0.34534143518518523 0.025390625 0.030613425925925863
3 0.859375 0.39416956018518523 0.0390625 0.01765046296296302
4 0.783203125 0.3902199074074074 0.0390625 0.02155671296296302
5 0.70703125 0.3823640046296296 0.01953125 0.0342158564814814
0 0.548828125 0.32533275462962963 0.033203125 0.031018518518518556
3 0.62890625 0.3802662037037037 0.0390625 0.01765046296296302
2 0.705078125 0.3353877314814815 0.029296875 0.02690972222222221
8 0.93359375 0.3511429398148148 0.025390625 0.026707175925925863