4 0.6346209490740741 0.34165219907407407 0.03870081018518512 0.020630787037037024
4 0.7107928240740741 0.3393952546296296 0.03870081018518512 0.020630787037037024
3 0.5582899305555555 0.34586226851851853 0.03838252314814827 0.016724537037037024
1 0.6402343749999999 0.2966724537037037 0.03136574074074083 0.02625868055555558
3 0.9393084490740741 0.3326244212962963 0.03870081018518512 0.020630787037037024
6 0.7907841435185186 0.29026331018518514 0.027459490740740833 0.026142939814814747
8 0.9450810185185186 0.2856915509259259 0.03136574074074083 0.02625868055555558
0 0.5640624999999999 0.2989293981481481 0.03136574074074083 0.02625868055555558
5 0.7869646990740741 0.3371383101851852 0.022077546296296324 0.03182870370370372
2 0.7146122685185186 0.2925202546296296 0.03363715277777768 0.030222800925925997
7 0.8669560185185186 0.2880063657407408 0.027459490740740833 0.026142939814814747
5 0.8631365740740741 0.33488136574074073 0.022077546296296324 0.03182870370370372