4 0.45568576388888893 0.33091724537037037 0.04578993055555558 0.020196759259259234
4 0.5377170138888889 0.3297019675925926 0.04188368055555558 0.02013888888888893
3 0.7056857638888889 0.32721354166666666 0.04188368055555558 0.02013888888888893
3 0.28576388888888893 0.3334346064814815 0.04578993055555558 0.020196759259259234
0 0.2881076388888889 0.2807002314814815 0.03450520833333326 0.029788773148148096
1 0.3720920138888889 0.27945601851851853 0.03059895833333326 0.02973090277777779
2 0.4560763888888889 0.2782118055555556 0.03059895833333326 0.02973090277777768
7 0.6239583333333334 0.2776765046296296 0.03059895833333348 0.02973090277777779
5 0.6217013888888889 0.3284577546296297 0.024913194444444287 0.033550347222222276
5 0.36983506944444444 0.33023726851851853 0.025000000000000022 0.035503472222222276
6 0.5399739583333334 0.2789207175925926 0.03059895833333348 0.02973090277777768
8 0.7079427083333334 0.27643229166666666 0.03059895833333348 0.02973090277777779