3 0.4952980324074074 0.30844907407407407 0.06452546296296291 0.028269675925925886
4 0.6140046296296297 0.3160734953703703 0.05475983796296302 0.028124999999999956
3 0.7211371527777778 0.32157118055555556 0.05866608796296302 0.028182870370370372
4 0.24797453703703703 0.29500868055555557 0.06843171296296291 0.028327546296296302
0 0.11762152777777778 0.2070457175925926 0.05591724537037038 0.043749999999999956
5 0.11378761574074073 0.28519965277777776 0.041015625 0.05328414351851851
2 0.3802806712962963 0.2246238425925926 0.05005787037037035 0.04366319444444444
5 0.3746383101851852 0.3007957175925926 0.03696469907407407 0.051273148148148096
6 0.5027488425925926 0.23425925925925928 0.0419560185185186 0.03964120370370372
1 0.25180844907407407 0.21685474537037036 0.04615162037037035 0.04360532407407408
8 0.7302517361111112 0.2513165509259259 0.0400028935185186 0.03961226851851851
7 0.6175491898148149 0.2418258101851852 0.04615162037037024 0.04360532407407408