4 0.458984375 0.35546875 0.037109375 0.015625
3 0.693359375 0.35546875 0.04296875 0.01953125
4 0.5390625 0.35546875 0.041015625 0.01953125
3 0.30078125 0.353515625 0.037109375 0.01953125
1 0.37890625 0.3046875 0.02734375 0.02734375
0 0.30078125 0.3046875 0.03125 0.02734375
5 0.6171875 0.353515625 0.021484375 0.03125
7 0.6171875 0.30859375 0.02734375 0.02734375
2 0.45703125 0.306640625 0.02734375 0.025390625
5 0.37890625 0.353515625 0.021484375 0.03125
6 0.5390625 0.306640625 0.02734375 0.025390625
8 0.6953125 0.30859375 0.02734375 0.02734375