4 0.66796875 0.291015625 0.056640625 0.025390625
8 0.9921875 0.2265625 0.015625 0.041015625
4 0.779296875 0.29296875 0.052734375 0.025390625
1 0.556640625 0.22265625 0.037109375 0.037109375
3 0.44140625 0.291015625 0.05859375 0.025390625
0 0.44140625 0.220703125 0.04296875 0.041015625
5 0.5546875 0.2890625 0.02734375 0.046875
7 0.892578125 0.224609375 0.041015625 0.037109375
5 0.892578125 0.29296875 0.02734375 0.046875
2 0.669921875 0.22265625 0.041015625 0.037109375
6 0.78125 0.22265625 0.037109375 0.037109375
3 0.9873046875 0.294921875 0.025390625 0.02734375