3 0.434375 0.2703125 0.057204861111111116 0.029166666666666674
4 0.5438802083333333 0.26888020833333337 0.051345486111111116 0.028776041666666696
4 0.20373263888888887 0.2778645833333333 0.06310763888888893 0.03151041666666665
3 0.6474392361111111 0.26393229166666665 0.053298611111111116 0.028906250000000022
5 0.3228732638888889 0.269921875 0.028342013888888906 0.046744791666666674
0 0.07699652777777778 0.20807291666666666 0.04574652777777777 0.04010416666666666
6 0.43285590277777775 0.201953125 0.037890624999999956 0.037630208333333304
2 0.31948784722222223 0.20559895833333333 0.03793402777777777 0.03958333333333336
5 0.07855902777777778 0.27838541666666666 0.03229166666666666 0.048958333333333326
1 0.2021267361111111 0.20559895833333333 0.04184027777777777 0.03984375000000001
8 0.6460069444444444 0.19947916666666665 0.03598090277777777 0.03945312499999998
7 0.5423611111111111 0.20052083333333331 0.03789062500000018 0.037630208333333304