0 0.31640625 0.28515625 0.02734375 0.02734375
1 0.3984375 0.27734375 0.02734375 0.03125
4 0.400390625 0.333984375 0.04296875 0.01953125
3 0.669921875 0.3203125 0.052734375 0.021484375
3 0.486328125 0.330078125 0.046875 0.021484375
4 0.775390625 0.314453125 0.05078125 0.021484375
2 0.484375 0.2734375 0.03125 0.03515625
7 0.671875 0.2578125 0.037109375 0.03515625
5 0.57421875 0.32421875 0.025390625 0.041015625
6 0.57421875 0.267578125 0.03125 0.03515625
5 0.31640625 0.337890625 0.021484375 0.037109375
8 0.775390625 0.251953125 0.037109375 0.03515625