3 0.5071180555555556 0.44006076388888893 0.030410879629629628 0.01497395833333326
4 0.6576678240740741 0.4447916666666667 0.030410879629629628 0.01497395833333326
6 0.6094328703703704 0.41128472222222223 0.02112268518518512 0.02039930555555558
7 0.006626157407407408 0.13333333333333333 0.013252314814814816 0.016666666666666663
8 0.0012152777777777787 0.2720052083333333 0.0024305555555555573 0.028385416666666607
8 0.7147424768518519 0.4179253472222222 0.025347222222222188 0.024479166666666607
7 0.6641203703703704 0.4137152777777778 0.02339409722222241 0.024392361111111094
5 0.4545428240740741 0.4357638888888889 0.017534722222222188 0.024131944444444442
5 0.5582175925925926 0.43841145833333334 0.021440972222222188 0.02430555555555558
0 0.4570891203703704 0.40451388888888884 0.02502893518518512 0.020572916666666607
2 0.5586516203703704 0.40902777777777777 0.02112268518518512 0.02039930555555558
3 0.7102430555555556 0.4490885416666667 0.030410879629629628 0.01497395833333326
4 0.6089988425925926 0.44066840277777775 0.030410879629629628 0.01497395833333326
1 0.5078703703703704 0.4067708333333333 0.02112268518518512 0.02039930555555558
1 0.1455150462962963 0.45143229166666665 0.011038773148148162 0.01605902777777779
8 0.16245659722222222 0.46002604166666666 0.015740740740740722 0.02599826388888893
8 0.1259837962962963 0.45056423611111107 0.014945023148148162 0.01623263888888893
8 0.1720630787037037 0.46241319444444445 0.017693865740740722 0.026085069444444442
8 0.1798755787037037 0.4627604166666667 0.01801215277777779 0.029991319444444442
8 0.06711516203703705 0.47539062499999996 0.024551504629629628 0.014713541666666607
8 0.12761863425925926 0.4545572916666667 0.028096064814814803 0.03433159722222223
8 0.19940682870370371 0.46362847222222225 0.022236689814814803 0.03407118055555558
8 0.2111255787037037 0.46414930555555556 0.021600115740740722 0.02625868055555558