4 0.36150173611111114 0.370630787037037 0.042404513888888884 0.017751736111111027
4 0.5999565972222223 0.38493923611111114 0.04275173611111116 0.021657986111111027
3 0.6763020833333333 0.3908420138888889 0.04275173611111116 0.021657986111111138
3 0.4417534722222223 0.3767361111111111 0.04275173611111116 0.021657986111111138
6 0.5938368055555556 0.33796296296296297 0.02799479166666652 0.030613425925925974
1 0.4374131944444445 0.3279079861111111 0.03190104166666674 0.03081597222222221
7 0.6719618055555556 0.3420138888888889 0.03190104166666652 0.03081597222222221
5 0.5198784722222223 0.38078703703703703 0.024262152777777768 0.03236400462962963
5 0.7524739583333333 0.39479166666666665 0.024262152777777768 0.03236400462962963
2 0.5155381944444444 0.33195891203703703 0.03190104166666652 0.03081597222222221
0 0.3573350694444445 0.323755787037037 0.03385416666666674 0.030917245370370328
8 0.7483072916666667 0.34791666666666665 0.031553819444444464 0.02690972222222232