0 0.08984375 0.294921875 0.02734375 0.02734375
1 0.162109375 0.287109375 0.025390625 0.03125
2 0.23828125 0.283203125 0.025390625 0.02734375
6 0.31640625 0.27734375 0.02734375 0.02734375
7 0.40234375 0.26953125 0.03125 0.03515625
8 0.4921875 0.263671875 0.03515625 0.03515625
5 0.08984375 0.345703125 0.01953125 0.03515625
4 0.1640625 0.341796875 0.041015625 0.021484375
3 0.23828125 0.337890625 0.037109375 0.01953125
5 0.31640625 0.33203125 0.021484375 0.037109375
3 0.404296875 0.330078125 0.052734375 0.021484375
4 0.4921875 0.32421875 0.046875 0.021484375