4 0.134765625 0.2588975694444444 0.06310763888888887 0.02965856481481488
4 0.48854166666666665 0.25752314814814814 0.053255208333333304 0.025390625
3 0.37517361111111114 0.2578125 0.057161458333333304 0.02553530092592593
3 0.5960503472222223 0.2574508101851852 0.053255208333333304 0.025390625
5 0.013498263888888888 0.25557002314814814 0.01675347222222222 0.05135995370370372
6 0.3736111111111111 0.1875 0.03988715277777777 0.038556134259259245
5 0.25785590277777776 0.2562934027777778 0.030425347222222232 0.05186631944444442
8 0.5965277777777778 0.1909722222222222 0.03793402777777777 0.03848379629629628
2 0.25633680555555555 0.1879340277777778 0.04383680555555558 0.04065393518518523
1 0.13506944444444444 0.18460648148148148 0.04383680555555558 0.040653935185185175
7 0.48702256944444444 0.18916377314814814 0.04383680555555558 0.040653935185185175
0 0.01775173611111111 0.18308738425925924 0.028211805555555552 0.04007523148148151