7 0.796875 0.327734375 0.0234375 0.02695312499999991
2 0.685546875 0.337109375 0.0234375 0.025000000000000022
5 0.849609375 0.35546875 0.017578125 0.030468750000000044
6 0.740234375 0.3315104166666667 0.0234375 0.02890624999999991
3 0.634765625 0.3736979166666667 0.03125 0.021614583333333326
1 0.634765625 0.3424479166666667 0.02734375 0.029166666666666674
8 0.8515625 0.3240885416666667 0.025390625 0.025130208333333348
5 0.796875 0.3609375 0.01953125 0.03255208333333326
4 0.7421875 0.36653645833333337 0.033203125 0.019791666666666652
3 0.685546875 0.3703125 0.03125 0.021614583333333326
4 0.58203125 0.37916666666666665 0.029296875 0.017578125
0 0.58203125 0.34596354166666665 0.025390625 0.029036458333333348