7 0.48828125 0.306640625 0.02734375 0.025390625
1 0.248046875 0.3046875 0.02734375 0.02734375
3 0.24609375 0.353515625 0.04296875 0.01953125
0 0.166015625 0.3046875 0.03515625 0.02734375
2 0.326171875 0.3046875 0.02734375 0.02734375
6 0.41015625 0.306640625 0.02734375 0.02734375
5 0.56640625 0.357421875 0.021484375 0.03515625
5 0.328125 0.353515625 0.021484375 0.03515625
4 0.408203125 0.353515625 0.041015625 0.01953125
3 0.486328125 0.35546875 0.046875 0.021484375
4 0.166015625 0.3515625 0.04296875 0.015625
8 0.564453125 0.30859375 0.02734375 0.02734375