0 0.33424479166666665 0.20457175925925924 0.04010416666666661 0.04767071759259256
1 0.42890625000000004 0.18395543981481483 0.04205729166666661 0.04781539351851849
2 0.5295572916666667 0.1609519675925926 0.048046875000000044 0.05020254629629628
6 0.6459635416666667 0.13483796296296297 0.04817708333333348 0.05215567129629628
7 0.77421875 0.10590277777777776 0.05403645833333348 0.05258969907407407
8 0.921484375 0.08333333333333333 0.054166666666666696 0.05454282407407407
4 0.3302083333333333 0.26511863425925924 0.055208333333333304 0.041015625
3 0.42421875 0.2542679398148148 0.048828125 0.03276909722222221
5 0.5266927083333334 0.23307291666666666 0.036588541666666696 0.053240740740740755
4 0.6408854166666667 0.21100983796296297 0.05885416666666665 0.03739872685185186
3 0.7705729166666666 0.18974247685185186 0.07057291666666687 0.03826678240740744
5 0.9162760416666667 0.16145833333333331 0.04531250000000009 0.06749131944444442