1 0.37200520833333334 0.38450520833333335 0.025911458333333304 0.024001736111111116
2 0.4286024305555556 0.3812934027777778 0.023958333333333304 0.023958333333333304
6 0.4911458333333333 0.3818576388888889 0.024001736111111116 0.025911458333333304
7 0.5497395833333334 0.38055555555555554 0.025911458333333304 0.024001736111111116
8 0.6103298611111111 0.38116319444444446 0.02795138888888893 0.02795138888888893
3 0.3103298611111111 0.42300347222222223 0.031553819444444464 0.014366319444444442
5 0.37083333333333335 0.4197048611111111 0.02013888888888893 0.02777777777777779
4 0.4294704861111111 0.4203559027777778 0.035460069444444464 0.014453124999999956
4 0.49197048611111105 0.4189670138888889 0.031553819444444464 0.014366319444444442
3 0.6092013888888889 0.4183159722222222 0.031553819444444464 0.014366319444444442
5 0.5485677083333333 0.41575520833333335 0.01818576388888893 0.027734374999999978
0 0.3094618055555556 0.38394097222222223 0.023958333333333304 0.023958333333333304