4 0.21875 0.35457175925925927 0.04578993055555558 0.020196759259259234
4 0.13671875 0.35335648148148147 0.04969618055555558 0.02025462962962965
5 0.29874131944444443 0.35380497685185186 0.021093750000000022 0.03544560185185186
3 0.0546875 0.3521412037037037 0.04561631944444444 0.016290509259259345
5 0.38272569444444443 0.3550491898148148 0.021093750000000022 0.03544560185185186
3 0.4667100694444445 0.35629340277777777 0.04596354166666661 0.024103009259259234
2 0.21453993055555554 0.30376157407407406 0.03059895833333337 0.02973090277777779
6 0.29852430555555554 0.30500578703703707 0.03059895833333326 0.02973090277777768
7 0.37842881944444445 0.3022858796296296 0.03059895833333337 0.02973090277777768
0 0.04852430555555556 0.3013020833333333 0.03450520833333333 0.029788773148148096
8 0.46436631944444445 0.30355902777777777 0.03450520833333337 0.029788773148148096
1 0.13446180555555556 0.30257523148148147 0.030598958333333315 0.02973090277777779