4 0.1328125 0.26276041666666666 0.064453125 0.03164062499999998
3 0.603515625 0.309765625 0.056640625 0.031119791666666674
5 0.0078125 0.24466145833333333 0.015625 0.05182291666666666
3 0.37890625 0.2850260416666667 0.060546875 0.031380208333333326
4 0.494140625 0.30052083333333335 0.0546875 0.030989583333333348
2 0.255859375 0.19869791666666667 0.041015625 0.04375000000000001
5 0.2578125 0.27109375 0.03125 0.048958333333333326
6 0.37890625 0.21471354166666667 0.041015625 0.043749999999999956
0 0.01171875 0.170703125 0.0234375 0.04453125000000002
1 0.1328125 0.18658854166666666 0.04296875 0.04583333333333334
8 0.60546875 0.24153645833333334 0.041015625 0.03984375000000001
7 0.494140625 0.22825520833333335 0.041015625 0.043749999999999956