1 0.22534722222222223 0.303125 0.03287037037037038 0.033333333333333326
6 0.39978298611111107 0.30299479166666665 0.034924768518518556 0.03541666666666665
5 0.3987991898148148 0.359765625 0.025564236111111138 0.04257812499999991
3 0.30649594907407407 0.3634114583333333 0.046137152777777746 0.026432291666666607
4 0.5964699074074074 0.3651041666666667 0.05199652777777786 0.026822916666666696
4 0.22436342592592592 0.3598958333333333 0.0480902777777778 0.026562500000000044
2 0.30963541666666666 0.3028645833333333 0.032971643518518556 0.035286458333333326
3 0.49460358796296294 0.36419270833333334 0.051996527777777746 0.026822916666666696
5 0.1400752314814815 0.36015625 0.025564236111111138 0.04257812500000002
7 0.4979456018518519 0.29973958333333334 0.03903356481481479 0.039583333333333304
8 0.5998119212962962 0.3006510416666667 0.03903356481481479 0.039583333333333304
0 0.1430121527777778 0.303515625 0.03287037037037033 0.033333333333333326