4 0.49144965277777775 0.28682002314814814 0.04946469907407414 0.02329282407407407
4 0.5871527777777779 0.28327546296296297 0.04946469907407414 0.02329282407407407
1 0.3939525462962963 0.22981770833333331 0.036082175925926 0.03255208333333337
3 0.2999855324074074 0.2919560185185185 0.04952256944444444 0.02524594907407418
3 0.7726996527777779 0.27640335648148145 0.04946469907407414 0.02329282407407407
0 0.2962962962962963 0.23343460648148148 0.038035300925926 0.03262442129629628
2 0.4897135416666667 0.22822627314814814 0.03619791666666661 0.03645833333333337
5 0.6808449074074074 0.2778501157407407 0.028443287037037024 0.0381221064814814
5 0.39373553240740744 0.2884837962962963 0.024537037037037024 0.03797743055555558
7 0.6791666666666667 0.22120949074074076 0.03619791666666661 0.03645833333333337
6 0.5834635416666667 0.22475405092592593 0.03229166666666661 0.03631365740740744
8 0.7748697916666667 0.21766493055555555 0.03619791666666661 0.036458333333333315