1 0.244140625 0.28515625 0.025390625 0.02734375
4 0.244140625 0.33984375 0.04296875 0.021484375
3 0.322265625 0.3359375 0.04296875 0.021484375
6 0.40625 0.271484375 0.03125 0.03125
4 0.58984375 0.3203125 0.046875 0.021484375
5 0.404296875 0.328125 0.021484375 0.037109375
8 0.58984375 0.259765625 0.03515625 0.037109375
5 0.16796875 0.341796875 0.021484375 0.03515625
2 0.32421875 0.279296875 0.02734375 0.02734375
3 0.49609375 0.326171875 0.046875 0.021484375
0 0.16796875 0.29296875 0.02734375 0.02734375
7 0.494140625 0.267578125 0.03125 0.03515625