0 0.33625578703703707 0.3359375 0.03038194444444442 0.029296875
4 0.33220486111111114 0.375 0.03522858796296302 0.01953125
1 0.39134837962962965 0.33203125 0.02842881944444442 0.029296875
3 0.3872974537037037 0.37109375 0.03368055555555549 0.0234375
2 0.45230034722222223 0.328125 0.03038194444444442 0.029296875
5 0.4484519675925926 0.365234375 0.024927662037037 0.033203125
6 0.5173611111111112 0.322265625 0.032537615740740655 0.03125
4 0.5111545138888889 0.36328125 0.037384259259259256 0.021484375
7 0.5841724537037036 0.318359375 0.030179398148148184 0.02734375
3 0.5797164351851851 0.361328125 0.03953993055555571 0.0234375
8 0.6570457175925926 0.3125 0.03428819444444442 0.029296875
5 0.648683449074074 0.35546875 0.025737847222222276 0.041015625