0 0.6481336805555555 0.3321614583333333 0.025766782407407263 0.027083333333333348
4 0.6486255787037037 0.3653645833333333 0.03151041666666665 0.019661458333333326
2 0.7535445601851851 0.32122395833333334 0.025766782407407263 0.027083333333333348
6 0.81015625 0.31549479166666666 0.025737847222222276 0.025130208333333348
7 0.8687210648148148 0.30963541666666666 0.023813657407407485 0.026953125000000022
8 0.9273148148148148 0.30572916666666666 0.02777777777777768 0.031119791666666674
1 0.7008680555555555 0.3286458333333333 0.023784722222222276 0.02499999999999991
3 0.7013310185185185 0.35989583333333336 0.03151041666666665 0.019661458333333326
3 0.7559895833333333 0.354296875 0.03151041666666665 0.019661458333333326
4 0.8106481481481481 0.34869791666666666 0.03541666666666665 0.019921874999999978
5 0.869212962962963 0.34283854166666666 0.01993634259259247 0.02864583333333337
5 0.927806712962963 0.33893229166666666 0.02188946759259247 0.028776041666666696
8 0.38958333333333334 0.4315104166666667 0.011950231481481444 0.016406249999999956
8 0.40118634259259256 0.4229166666666667 0.012152777777777679 0.030078124999999956