2 0.7210214120370371 0.4430121527777778 0.016145833333333304 0.018388310185185164
4 0.7840422453703704 0.4638310185185185 0.019936342592592693 0.0146846064814814
7 0.7832899305555555 0.4384403935185185 0.01620370370370372 0.020341435185185164
3 0.7217158564814814 0.4664496527777778 0.018041087962962887 0.01653645833333328
3 0.6944299768518518 0.4669849537037037 0.021947337962962887 0.016739004629629628
5 0.6690393518518518 0.46566840277777777 0.01229745370370372 0.02013888888888893
6 0.7521556712962962 0.44072627314814816 0.01425057870370372 0.020240162037037046
8 0.8183304398148148 0.43635706018518516 0.01620370370370372 0.020341435185185164
0 0.6684606481481481 0.44613715277777777 0.01425057870370372 0.020240162037037046
1 0.6937934027777778 0.44550057870370374 0.01620370370370372 0.020341435185185164
4 0.7528501157407408 0.46416377314814816 0.01798321759259247 0.014583333333333393
5 0.8190827546296295 0.46174768518518516 0.014366319444444553 0.024146412037036935