3 0.17199074074074072 0.25616319444444446 0.07802372685185188 0.033506944444444464
3 0.5224971064814815 0.2964699074074074 0.05044849537037033 0.0287905092592593
5 0.6114149305555556 0.30943287037037037 0.026099537037036935 0.04561631944444444
0 0.028953269675925927 0.1513599537037037 0.05790653935185185 0.05269097222222219
2 0.3140190972222222 0.19541377314814815 0.045515046296296324 0.04424189814814816
6 0.42798032407407405 0.2134837962962963 0.041608796296296324 0.044126157407407385
7 0.5265480324074074 0.22811053240740742 0.037702546296296324 0.04401041666666661
4 0.42162905092592595 0.28776041666666663 0.06044560185185177 0.03298611111111116
1 0.18466435185185184 0.17390046296296297 0.05585937499999999 0.05429687500000002
8 0.615234375 0.24497974537037037 0.03172743055555549 0.04188368055555558
5 0.30755208333333334 0.27164351851851853 0.034490740740740766 0.055613425925925886
4 0.030396412037037038 0.24304108796296298 0.060792824074074076 0.03735532407407405