3 0.3422309027777778 0.236328125 0.06532118055555558 0.026302083333333337
5 0.46911168981481477 0.2326388888888889 0.0366030092592593 0.04062500000000002
3 0.5941116898148149 0.22708333333333333 0.06517650462962976 0.022395833333333337
4 0.9630353009259259 0.21653645833333332 0.05526620370370372 0.018055555555555547
5 0.7170862268518519 0.22356770833333334 0.03059895833333326 0.03645833333333337
4 0.8439670138888888 0.21987847222222223 0.06127025462962976 0.022222222222222254
6 0.7092013888888888 0.17322048611111113 0.0419560185185186 0.027213541666666674
2 0.5900607638888888 0.178515625 0.05005787037037024 0.03537326388888884
8 0.9474103009259259 0.16458333333333333 0.04600694444444442 0.03129340277777776
7 0.8224103009259259 0.1701388888888889 0.04210069444444442 0.031119791666666674
0 0.3499710648148148 0.18528645833333332 0.04991319444444442 0.031467013888888895
1 0.47099247685185186 0.1818576388888889 0.04210069444444442 0.031119791666666674