4 0.29658564814814814 0.40364583333333337 0.03580729166666674 0.01888020833333326
4 0.23017939814814814 0.40610532407407407 0.03580729166666663 0.01888020833333337
3 0.1638454861111111 0.41051793981481477 0.0356626157407407 0.01497395833333326
3 0.49385127314814814 0.39633969907407407 0.03580729166666674 0.01888020833333337
6 0.35951967592592593 0.3602430555555556 0.02430555555555558 0.02430555555555558
8 0.49233217592592593 0.35532407407407407 0.02821180555555558 0.02445023148148151
0 0.16239872685185186 0.3714554398148148 0.02430555555555558 0.02430555555555558
1 0.2287326388888889 0.36704282407407407 0.02835648148148151 0.02835648148148151
5 0.36103877314814814 0.4012586805555556 0.01873553240740744 0.03190104166666674
2 0.2951388888888889 0.36458333333333337 0.02835648148148151 0.0283564814814814
7 0.42592592592592593 0.3577835648148148 0.02430555555555558 0.02430555555555558
5 0.42744502314814814 0.39879918981481477 0.01873553240740744 0.03190104166666674