6 0.8587818287037037 0.318359375 0.031741898148148096 0.025390625
2 0.782421875 0.31640625 0.03602430555555536 0.029296875
1 0.7080150462962963 0.314453125 0.027835648148148096 0.025390625
4 0.8632957175925926 0.365234375 0.036660879629629495 0.015625
5 0.9993019386574074 0.3671875 0.001396122685185297 0.033203125
3 0.7105758101851851 0.361328125 0.042520254629629495 0.015625
5 0.788888888888889 0.36328125 0.026634837962963065 0.033203125
4 0.6344039351851851 0.361328125 0.040567129629629495 0.015625
3 0.9355613425925926 0.365234375 0.040567129629629495 0.015625
7 0.9330005787037037 0.318359375 0.031741898148148096 0.025390625
0 0.6279369212962963 0.314453125 0.03211805555555558 0.029296875
8 0.9956741898148148 0.3203125 0.008651620370370372 0.029296875