4 0.65625 0.36328125 0.037109375 0.01953125
4 0.73046875 0.36328125 0.037109375 0.01953125
3 0.58203125 0.36328125 0.037109375 0.015625
1 0.658203125 0.318359375 0.02734375 0.025390625
3 0.95703125 0.36328125 0.037109375 0.01953125
6 0.806640625 0.31640625 0.025390625 0.025390625
8 0.95703125 0.31640625 0.02734375 0.025390625
0 0.58203125 0.318359375 0.02734375 0.025390625
5 0.806640625 0.36328125 0.01953125 0.03125
2 0.73046875 0.31640625 0.03125 0.02734375
7 0.880859375 0.31640625 0.025390625 0.025390625
5 0.880859375 0.36328125 0.01953125 0.03125