1 0.020225694444444442 0.36559606481481477 0.028457754629629628 0.023104745370370328
4 0.01850405092592592 0.3987991898148148 0.03185763888888889 0.013570601851851882
2 0.06875 0.3743489583333333 0.024551504629629628 0.022873263888888884
5 0.06712962962962962 0.40559895833333337 0.014988425925925919 0.026200810185185164
6 0.11316550925925925 0.3867766203703704 0.018692129629629628 0.022526041666666607
7 0.15007233796296296 0.39288194444444446 0.020543981481481455 0.02068865740740744
8 0.18687789351851852 0.4009403935185185 0.020645254629629628 0.02264178240740744
3 0.10969328703703704 0.41595775462962964 0.024146412037037046 0.015060763888888884
4 0.14855324074074072 0.42217881944444446 0.02599826388888893 0.013223379629629717
3 0.1834056712962963 0.4301215277777778 0.016333912037037046 0.014597800925925997
0 0.9513888888888888 0.4677951388888889 0.020442708333333393 0.01873553240740744