3 0.17975983796296297 0.30964988425925927 0.04940682870370372 0.01815682870370372
4 0.6447482638888888 0.289453125 0.04752604166666652 0.02000868055555549
4 0.5509982638888888 0.29431423611111107 0.05353009259259256 0.024218749999999956
3 0.36733217592592593 0.301880787037037 0.05150462962962965 0.022164351851851838
5 0.45905671296296297 0.29516782407407405 0.03038194444444442 0.03081597222222232
8 0.6354166666666667 0.2488425925925926 0.0321903935185186 0.027010995370370383
2 0.3677662037037037 0.2607638888888889 0.0360966435185186 0.027213541666666674
5 0.27546296296296297 0.3046875 0.02647569444444442 0.030613425925925974
7 0.5475260416666667 0.25339988425925924 0.03009259259259256 0.02300347222222221
0 0.18612557870370372 0.27018229166666663 0.04000289351851849 0.02741608796296302
1 0.2818287037037037 0.2652199074074074 0.0360966435185186 0.027213541666666674
6 0.4615162037037037 0.25590277777777776 0.0360966435185186 0.027213541666666674