4 0.6776909722222222 0.2778645833333333 0.04197048611111098 0.023307291666666563
3 0.8397135416666667 0.27261284722222223 0.041796874999999956 0.019401041666666674
4 0.7596354166666667 0.276171875 0.041796874999999956 0.019401041666666674
3 0.5136284722222222 0.28515625 0.041970486111111205 0.023307291666666674
7 0.761892361111111 0.225390625 0.03246527777777786 0.028732638888888884
5 0.4315972222222222 0.28880208333333335 0.02304687499999991 0.036111111111111094
5 0.5956597222222222 0.28151041666666665 0.02499999999999991 0.03619791666666661
8 0.843923611111111 0.22174479166666666 0.03246527777777786 0.028732638888888884
6 0.679861111111111 0.22903645833333333 0.028559027777777857 0.0285590277777778
2 0.5979166666666667 0.23072916666666665 0.032638888888888884 0.032638888888888884
0 0.43190104166666665 0.23810763888888886 0.032638888888888884 0.032638888888888884
1 0.5158854166666667 0.234375 0.028732638888888884 0.032465277777777746
2 0.0040256076388888885 0.37617187500000004 0.008051215277777777 0.01818576388888893
8 0.05329861111111111 0.37968749999999996 0.014279513888888887 0.014279513888888928
5 0.05260416666666667 0.39531249999999996 0.014626736111111108 0.02209201388888893
8 0.09813368055555555 0.37964409722222225 0.014626736111111094 0.02209201388888893
3 0.07782118055555556 0.3980902777777778 0.018185763888888873 0.014453124999999956
5 0.02578125 0.3848090277777778 0.01931423611111112 0.039843749999999956
8 0.07673611111111112 0.37864583333333335 0.014453125000000011 0.01818576388888893
3 0.14700520833333333 0.4203559027777778 0.022092013888888873 0.014626736111111094
8 0.02239583333333333 0.37326388888888884 0.018532986111111108 0.022265624999999956