1 0.5142361111111111 0.23346354166666666 0.038281250000000044 0.03619791666666672
3 0.8333767361111111 0.276880787037037 0.060850694444444464 0.02712673611111116
7 0.8297743055555555 0.21432291666666667 0.04253472222222232 0.040219907407407385
4 0.4223090277777778 0.3008101851851852 0.050911458333333326 0.0248842592592593
5 0.6229600694444444 0.28899016203703703 0.029210069444444375 0.04372106481481486
2 0.6174045138888888 0.22649016203703703 0.04609374999999982 0.03642939814814816
4 0.7241753472222223 0.28207465277777777 0.056770833333333215 0.025057870370370328
5 0.9463107638888889 0.26961805555555557 0.033116319444444375 0.04383680555555558
8 0.9423611111111111 0.2031539351851852 0.042187500000000044 0.03631365740740744
0 0.41480034722222225 0.23836805555555554 0.042187500000000044 0.036313657407407385
6 0.7226996527777778 0.22141203703703705 0.04201388888888902 0.03436053240740744
3 0.5197916666666667 0.29596354166666666 0.05677083333333344 0.025057870370370328