8 0.49609375 0.373046875 0.021484375 0.021484375
7 0.443359375 0.37109375 0.01953125 0.0234375
2 0.337890625 0.369140625 0.021484375 0.021484375
3 0.283203125 0.400390625 0.03515625 0.017578125
4 0.443359375 0.404296875 0.029296875 0.017578125
3 0.2265625 0.400390625 0.03125 0.015625
0 0.224609375 0.365234375 0.025390625 0.025390625
1 0.283203125 0.3671875 0.021484375 0.021484375
5 0.390625 0.40234375 0.01953125 0.025390625
6 0.392578125 0.37109375 0.021484375 0.0234375
5 0.337890625 0.400390625 0.01953125 0.025390625
4 0.494140625 0.40625 0.02734375 0.017578125