0 0.220703125 0.2890625 0.02734375 0.02734375
3 0.380859375 0.33203125 0.04296875 0.021484375
4 0.654296875 0.31640625 0.046875 0.021484375
3 0.556640625 0.32421875 0.05078125 0.021484375
4 0.298828125 0.337890625 0.041015625 0.01953125
1 0.298828125 0.28515625 0.02734375 0.03125
5 0.466796875 0.328125 0.021484375 0.037109375
7 0.55859375 0.263671875 0.03515625 0.03515625
2 0.380859375 0.27734375 0.03125 0.03125
6 0.46484375 0.271484375 0.03125 0.03125
5 0.22265625 0.33984375 0.025390625 0.037109375
8 0.65625 0.2578125 0.037109375 0.03515625