4 0.6176938657407407 0.3844039351851852 0.03739872685185186 0.02090567129629628
4 0.6919126157407407 0.3871527777777778 0.04130497685185186 0.02105034722222221
3 0.5415219907407407 0.38158275462962965 0.03739872685185186 0.02090567129629628
3 0.9185040509259259 0.3935908564814815 0.037340856481481444 0.01699942129629628
6 0.7668258101851853 0.34302662037037035 0.027719907407407263 0.0264033564814814
5 0.8442853009259259 0.3908420138888889 0.020052083333333304 0.03587962962962965
8 0.9211226851851853 0.3487413194444444 0.027719907407407263 0.0264033564814814
2 0.6926070601851853 0.3402777777777778 0.02774884259259247 0.02835648148148151
5 0.7661603009259259 0.38794849537037035 0.022005208333333304 0.03595196759259256
7 0.8429976851851853 0.34584780092592593 0.027719907407407263 0.02640335648148151
0 0.5402633101851853 0.33463541666666663 0.02774884259259247 0.0283564814814814
1 0.6164351851851853 0.3374565972222222 0.027719907407407263 0.0264033564814814