0 0.14270833333333333 0.2951244212962963 0.03310185185185188 0.032175925925925886
2 0.3065393518518519 0.2863570601851852 0.03493923611111116 0.030280671296296302
1 0.22646122685185185 0.2887297453703704 0.031032986111111105 0.03016493055555558
6 0.3924768518518519 0.2838107638888889 0.03505497685185177 0.0322337962962963
7 0.4784143518518518 0.2812644675925926 0.035286458333333326 0.0361400462962963
8 0.5622829861111112 0.2768229166666667 0.03907696759259238 0.034302662037037024
5 0.39341724537037037 0.33269675925925923 0.025636574074074048 0.03780381944444455
5 0.47935474537037037 0.33015046296296297 0.025636574074074048 0.03780381944444444
3 0.5615017361111111 0.3296730324074074 0.04412615740740744 0.020804398148148162
4 0.2294704861111111 0.3395109953703704 0.04412615740740744 0.020804398148148162
3 0.1454861111111111 0.3419994212962963 0.04021990740740744 0.02068865740740744
4 0.3115017361111111 0.33708043981481484 0.04412615740740744 0.02080439814814805