3 0.419921875 0.3276041666666667 0.04383680555555558 0.022077546296296324
3 0.16388888888888886 0.3388599537037037 0.04383680555555558 0.022077546296296324
4 0.33585069444444443 0.3306278935185185 0.04366319444444444 0.018171296296296324
4 0.07795138888888889 0.3439525462962963 0.04578993055555555 0.022193287037037046
6 0.33350694444444445 0.2778935185185185 0.03059895833333337 0.03103298611111116
7 0.41766493055555554 0.2768229166666667 0.03059895833333326 0.03103298611111116
2 0.24748263888888888 0.2810329861111111 0.03467881944444451 0.035170717592592604
1 0.16154513888888888 0.2861255787037037 0.03059895833333337 0.03103298611111116
5 0.25177951388888886 0.3336516203703704 0.02491319444444451 0.034592013888888884
5 0.501953125 0.32274305555555555 0.02491319444444451 0.034592013888888884
0 0.07356770833333333 0.28938078703703707 0.03663194444444445 0.03528645833333344
8 0.4996961805555556 0.2719618055555556 0.03059895833333337 0.03103298611111116