0 0.02796585648148148 0.3779513888888889 0.021412037037037042 0.01982060185185186
1 0.07660590277777778 0.37918113425925926 0.021412037037037035 0.01982060185185186
2 0.12152777777777778 0.378515625 0.021788194444444436 0.02372685185185186
6 0.16663773148148148 0.37589699074074073 0.021788194444444464 0.02372685185185186
7 0.2113715277777778 0.3771846064814815 0.021600115740740722 0.02177372685185186
8 0.2601996527777778 0.37646122685185185 0.021788194444444464 0.02372685185185186
3 0.024956597222222224 0.4092013888888889 0.027271412037037035 0.019907407407407485
3 0.07183159722222222 0.40850694444444446 0.02903645833333332 0.017983217592592582
5 0.11889467592592592 0.405859375 0.01807002314814815 0.025622106481481444
5 0.16186342592592592 0.40522280092592594 0.020211226851851838 0.027604166666666652
4 0.20873842592592592 0.40452835648148144 0.027271412037037035 0.019907407407407485
4 0.2554253472222222 0.40578703703703706 0.029036458333333348 0.017983217592592582