3 0.14466145833333333 0.34544270833333335 0.04622395833333337 0.022526041666666607
3 0.55859375 0.3158854166666667 0.04453124999999991 0.026302083333333393
8 0.5552083333333333 0.2651041666666667 0.03515625 0.03151041666666665
7 0.4731770833333333 0.27057291666666666 0.03125 0.03125
5 0.474609375 0.32148437500000004 0.021874999999999978 0.03645833333333326
6 0.3872395833333333 0.27630208333333334 0.030989583333333348 0.02734375
4 0.3087239583333333 0.3345052083333333 0.04036458333333337 0.02213541666666674
5 0.390625 0.32708333333333334 0.025781249999999978 0.03671875000000002
0 0.13736979166666666 0.294921875 0.03515625 0.03151041666666665
4 0.22669270833333333 0.3399739583333333 0.04622395833333337 0.022526041666666607
1 0.22135416666666666 0.28932291666666665 0.03125 0.03125
2 0.3053385416666667 0.2837239583333333 0.03515625 0.03151041666666665