4 0.478515625 0.369140625 0.04296875 0.01953125
3 0.732421875 0.369140625 0.04296875 0.01953125
4 0.56640625 0.369140625 0.04296875 0.01953125
3 0.306640625 0.365234375 0.04296875 0.01953125
0 0.3046875 0.3125 0.033203125 0.029296875
2 0.478515625 0.3125 0.029296875 0.029296875
7 0.6484375 0.31640625 0.029296875 0.029296875
5 0.392578125 0.3671875 0.01953125 0.037109375
1 0.39453125 0.3125 0.029296875 0.029296875
5 0.6484375 0.3671875 0.0234375 0.037109375
6 0.56640625 0.314453125 0.029296875 0.02734375
8 0.736328125 0.31640625 0.029296875 0.029296875