3 0.26106770833333337 0.400390625 0.026171874999999956 0.01171875
4 0.36835937500000004 0.3984375 0.028385416666666607 0.015625
4 0.31562500000000004 0.3984375 0.028385416666666607 0.015625
3 0.532421875 0.3984375 0.03229166666666661 0.015625
8 0.53203125 0.36328125 0.022916666666666696 0.021484375
1 0.31328124999999996 0.36328125 0.022916666666666696 0.021484375
7 0.47539062499999996 0.36328125 0.022916666666666696 0.021484375
6 0.42070312499999996 0.36328125 0.020963541666666696 0.021484375
0 0.25690104166666666 0.3671875 0.022916666666666696 0.021484375
5 0.477734375 0.3984375 0.017447916666666674 0.02734375
2 0.36614583333333334 0.365234375 0.023177083333333348 0.025390625
5 0.42109375 0.3984375 0.017447916666666674 0.02734375