3 0.263671875 0.279296875 0.0625 0.031047453703703654
4 0.765625 0.3129484953703704 0.05859375 0.03081597222222232
4 0.642578125 0.3056568287037037 0.0625 0.031047453703703765
3 0.134765625 0.27165798611111114 0.0625 0.031047453703703765
5 0.390625 0.28486689814814814 0.03125 0.05458622685185188
5 0.515625 0.29422743055555556 0.03125 0.05067997685185188
0 0.134765625 0.1915798611111111 0.048828125 0.043909143518518545
1 0.263671875 0.203125 0.041015625 0.04344618055555555
2 0.390625 0.21064814814814814 0.044921875 0.043677662037037046
7 0.640625 0.22936921296296298 0.044921875 0.043677662037037046
8 0.765625 0.23677662037037034 0.044921875 0.043677662037037046
6 0.517578125 0.21817129629629628 0.041015625 0.0434461805555556