4 0.4200376157407407 0.36485821759259257 0.04890046296296302 0.022309027777777768
4 0.5079282407407407 0.3700665509259259 0.04499421296296302 0.022077546296296324
3 0.6837094907407407 0.3804832175925926 0.04499421296296302 0.022077546296296324
0 0.24817708333333333 0.29768518518518516 0.038396990740740766 0.033333333333333326
1 0.3360677083333333 0.30289351851851853 0.034490740740740766 0.03310185185185177
5 0.33039641203703707 0.35758101851851853 0.029036458333333348 0.03666087962962972
3 0.242505787037037 0.35237268518518516 0.049103009259259256 0.024262152777777768
7 0.6012876157407407 0.32254050925925926 0.034490740740740655 0.03310185185185188
2 0.42570891203703703 0.31017071759259257 0.037991898148148184 0.029427083333333326
5 0.5940682870370371 0.37320601851851853 0.025130208333333348 0.03642939814814805
6 0.513599537037037 0.3153790509259259 0.030179398148148184 0.028964120370370328
8 0.6891782407407407 0.3277488425925926 0.034490740740740655 0.03310185185185177