0 0.5567708333333334 0.35128761574074074 0.02777777777777768 0.030049189814814747
4 0.5537471064814814 0.38839699074074074 0.03136574074074083 0.02625868055555558
1 0.6158420138888889 0.34716435185185185 0.03216145833333339 0.03602430555555558
3 0.6128182870370371 0.38427372685185185 0.03722511574074083 0.02643229166666672
2 0.675072337962963 0.34108796296296295 0.031843171296296324 0.03211805555555558
5 0.6736834490740741 0.3821614583333333 0.022236689814814747 0.03378182870370372
6 0.7461805555555556 0.3334056712962963 0.03395543981481497 0.034129050925926
4 0.7405671296296297 0.3782696759259259 0.04081307870370354 0.02264178240740744
7 0.8189236111111111 0.3296875 0.03363715277777768 0.030222800925925997
3 0.8152633101851852 0.374609375 0.04292534722222219 0.024652777777777857
8 0.9037037037037037 0.32241030092592593 0.03168402777777768 0.03016493055555558
5 0.8979311342592593 0.36922743055555557 0.026461226851851816 0.03780381944444444