0 0.328125 0.220703125 0.048828125 0.044921875
1 0.44140625 0.220703125 0.041015625 0.041015625
2 0.5546875 0.220703125 0.041015625 0.041015625
6 0.66796875 0.22265625 0.037109375 0.037109375
7 0.779296875 0.224609375 0.041015625 0.037109375
8 0.890625 0.224609375 0.037109375 0.037109375
5 0.556640625 0.291015625 0.03125 0.04296875
5 0.66796875 0.291015625 0.02734375 0.05078125
3 0.328125 0.291015625 0.056640625 0.025390625
4 0.443359375 0.291015625 0.056640625 0.025390625
3 0.78125 0.29296875 0.056640625 0.025390625
4 0.890625 0.29296875 0.056640625 0.025390625