7 0.28381076388888893 0.36028645833333334 0.02753182870370363 0.026808449074074092
2 0.16462673611111112 0.3482494212962963 0.027560763888888895 0.030714699074074092
8 0.340480324074074 0.3671296296296296 0.025593171296296235 0.028660300925925863
1 0.10211226851851851 0.34305555555555556 0.027531828703703687 0.026808449074074092
6 0.2252025462962963 0.35529513888888886 0.02754629629629629 0.028761574074074092
4 0.037919560185185185 0.3748697916666667 0.04311342592592593 0.021759259259259256
0 0.03569155092592592 0.3376591435185185 0.02949942129629629 0.02886284722222221
3 0.10044849537037037 0.38201678240740744 0.03920717592592593 0.02155671296296302
4 0.22741608796296298 0.39055266203703703 0.03725405092592593 0.021455439814814792
3 0.16490162037037037 0.3853587962962963 0.035315393518518534 0.023307291666666563
5 0.2860243055555556 0.3955439814814815 0.02365451388888884 0.030512152777777857
5 0.3407262731481482 0.4003327546296296 0.017809606481481444 0.03216145833333339