0 0.33673321759259256 0.173828125 0.05635127314814814 0.048828125
1 0.46173321759259256 0.173828125 0.04824942129629628 0.044921875
2 0.5847800925925926 0.173828125 0.04824942129629628 0.044921875
6 0.7076822916666666 0.17578125 0.04405381944444442 0.041015625
7 0.8284866898148148 0.1796875 0.04796006944444442 0.041015625
8 0.9495804398148148 0.1796875 0.04405381944444442 0.041015625
5 0.5810908564814814 0.25 0.03667534722222232 0.046875
5 0.7002314814814814 0.25 0.03530092592592604 0.0546875
3 0.3310908564814815 0.25 0.06257233796296302 0.02734375
4 0.4580439814814815 0.25 0.06257233796296302 0.02734375
3 0.8249421296296297 0.25390625 0.06257233796296302 0.02734375
4 0.9440827546296297 0.25390625 0.06257233796296302 0.02734375