5 0.20826099537037035 0.3872395833333333 0.015089699074074092 0.027546296296296235
4 0.3433304398148148 0.37938368055555555 0.026200810185185164 0.016001157407407374
2 0.29817708333333337 0.346875 0.020847800925925863 0.02567997685185186
0 0.20988136574074073 0.3559895833333333 0.020746527777777746 0.02372685185185186
6 0.3452546296296296 0.34227430555555555 0.020746527777777857 0.02372685185185186
5 0.4433449074074074 0.3700954861111111 0.016941550925925863 0.025622106481481444
4 0.3923611111111111 0.37475405092592595 0.026099537037037046 0.014048032407407485
8 0.4472222222222222 0.33295717592592594 0.020746527777777857 0.02372685185185186
7 0.39428530092592595 0.33764467592592595 0.0205439814814814 0.01982060185185186
3 0.2513310185185185 0.3846498842592593 0.026200810185185164 0.016001157407407485
1 0.253052662037037 0.3514467592592593 0.020746527777777857 0.02372685185185186
3 0.2945023148148148 0.38010706018518514 0.024247685185185164 0.015972222222222276