4 0.5089699074074074 0.3069878472222222 0.05555555555555558 0.026678240740740766
3 0.1716579861111111 0.31138599537037037 0.06351273148148151 0.031047453703703654
6 0.40422453703703703 0.24108796296296298 0.0366030092592593 0.041145833333333326
4 0.40364583333333337 0.30933159722222225 0.0557002314814814 0.030584490740740655
0 0.047670717592592594 0.2388310185185185 0.046440972222222224 0.043677662037037046
2 0.29123263888888884 0.23998842592592592 0.0405092592592593 0.041377314814814825
5 0.2906539351851852 0.30823206018518523 0.02915219907407407 0.05044849537037033
1 0.17433449074074076 0.23912037037037037 0.04253472222222221 0.0434461805555556
7 0.511501736111111 0.23862847222222222 0.0366030092592593 0.041145833333333326
3 0.6103877314814815 0.30487557870370374 0.05360243055555558 0.026562500000000044
5 0.044921875 0.3130497685185185 0.03305844907407407 0.05067997685185188
8 0.6147280092592593 0.24030671296296297 0.03645833333333348 0.037239583333333326