2 0.7104166666666667 0.416015625 0.01601562500000009 0.017578125
4 0.7752604166666667 0.43359375 0.019835069444444464 0.013671875
7 0.7746961805555556 0.408203125 0.01605902777777768 0.01953125
3 0.712890625 0.439453125 0.017925347222222276 0.015625
3 0.6836371527777778 0.44140625 0.021831597222222054 0.015625
5 0.6601996527777778 0.44140625 0.012152777777777679 0.01953125
6 0.7435329861111111 0.412109375 0.014105902777777679 0.01953125
8 0.809765625 0.404296875 0.01605902777777768 0.01953125
0 0.6597656249999999 0.421875 0.014105902777777679 0.01953125
1 0.6831597222222223 0.419921875 0.01605902777777768 0.01953125
4 0.7440538194444445 0.435546875 0.017881944444444464 0.013671875
5 0.8103298611111112 0.4296875 0.014192708333333304 0.0234375