4 0.26630497685185184 0.3576533564814815 0.043315972222222276 0.024710648148148162
3 0.34256365740740746 0.3540509259259259 0.043315972222222276 0.024710648148148162
4 0.516652199074074 0.34162326388888886 0.051128472222222054 0.024942129629629717
3 0.61640625 0.33480902777777777 0.05704571759259247 0.029021990740740744
7 0.6154947916666667 0.2644386574074074 0.03964120370370372 0.04021990740740744
5 0.4247974537037037 0.3428096064814815 0.02792245370370372 0.039872685185185164
8 0.7289785879629629 0.2541232638888889 0.04360532407407414 0.04424189814814816
6 0.5156539351851852 0.2771122685185185 0.03375289351851851 0.0380931712962963
5 0.7279369212962963 0.3244357638888889 0.029991319444444553 0.04774305555555558
2 0.42563657407407407 0.2861689814814815 0.033695023148148096 0.03418692129629619
1 0.34150752314814814 0.29344618055555555 0.027835648148148096 0.034013310185185164
0 0.2651909722222222 0.30095486111111114 0.027835648148148096 0.034013310185185164