3 0.427734375 0.296875 0.056640625 0.025390625
4 0.537109375 0.302734375 0.05078125 0.025390625
4 0.19921875 0.2890625 0.0625 0.02734375
3 0.638671875 0.306640625 0.052734375 0.025390625
5 0.31640625 0.291015625 0.02734375 0.04296875
0 0.07421875 0.212890625 0.04296875 0.037109375
6 0.427734375 0.23046875 0.037109375 0.03515625
2 0.31640625 0.224609375 0.037109375 0.037109375
5 0.07421875 0.283203125 0.03125 0.046875
1 0.19921875 0.21875 0.041015625 0.037109375
8 0.638671875 0.240234375 0.03515625 0.037109375
7 0.537109375 0.236328125 0.037109375 0.03515625