3 0.015625 0.279296875 0.03125 0.009765625
4 0.48046875 0.28515625 0.05859375 0.025390625
3 0.2421875 0.28125 0.05859375 0.025390625
4 0.59765625 0.28515625 0.056640625 0.025390625
2 0.2421875 0.208984375 0.041015625 0.037109375
6 0.36328125 0.2109375 0.04296875 0.041015625
1 0.123046875 0.20703125 0.041015625 0.041015625
5 0.361328125 0.28125 0.02734375 0.05078125
7 0.48046875 0.2109375 0.041015625 0.041015625
5 0.12109375 0.279296875 0.03125 0.046875
8 0.59765625 0.212890625 0.04296875 0.037109375
0 0.01171875 0.2060546875 0.0234375 0.041015625