4 0.6615017361111111 0.3272569444444445 0.05972222222222223 0.02973090277777779
4 0.7766493055555556 0.33774594907407407 0.05581597222222223 0.02944155092592593
1 0.5494791666666667 0.24645543981481483 0.04079861111111116 0.04195601851851849
3 0.4271267361111111 0.30989583333333337 0.06167534722222223 0.02987557870370372
0 0.4304253472222222 0.23567708333333334 0.046744791666666674 0.044343171296296335
5 0.5444010416666667 0.31662326388888884 0.03146701388888884 0.05099826388888884
7 0.8950086805555555 0.2759693287037037 0.04275173611111116 0.04210069444444442
5 0.8919704861111111 0.3443287037037037 0.03146701388888884 0.05099826388888884
2 0.6666666666666667 0.25513599537037035 0.04275173611111116 0.04210069444444442
6 0.7819010416666667 0.263671875 0.04079861111111116 0.04195601851851849
3 0.9828342013888889 0.35007957175925924 0.01106770833333326 0.03002025462962965