3 0.3208333333333333 0.36653645833333337 0.04275173611111116 0.02196180555555549
4 0.000781249999999999 0.3446759259259259 0.001562499999999998 0.02138310185185177
4 0.23489583333333333 0.3614438657407407 0.046657986111111105 0.022193287037037046
3 0.06514756944444444 0.3494212962962963 0.046831597222222215 0.024146412037037046
5 0.15108506944444444 0.3545138888888889 0.02460937499999999 0.03642939814814816
6 0.24118923611111112 0.31273148148148144 0.031901041666666685 0.03103298611111116
7 0.3251736111111111 0.31770833333333337 0.03190104166666674 0.03103298611111116
5 0.4026909722222222 0.37335069444444446 0.022656250000000044 0.03631365740740744
1 0.06966145833333333 0.29864004629629626 0.03385416666666666 0.03114872685185177
2 0.15542534722222223 0.3056857638888889 0.03793402777777777 0.033333333333333326
0 0.0009440104166666668 0.29182581018518516 0.0018880208333333336 0.03275462962962972
8 0.40703124999999996 0.32452256944444446 0.03385416666666674 0.03114872685185177