4 0.3729600694444445 0.3549623842592593 0.04499421296296302 0.02112268518518512
6 0.37822627314814816 0.3041811342592593 0.03233506944444442 0.03038194444444442
3 0.45674189814814814 0.36002604166666663 0.044791666666666674 0.01916956018518512
5 0.2872251157407407 0.3498263888888889 0.027285879629629584 0.03797743055555558
4 0.11144386574074074 0.3433159722222222 0.048697916666666646 0.01931423611111116
7 0.4620081018518518 0.30924479166666663 0.032132523148148184 0.02842881944444442
3 0.19933449074074075 0.3465711805555556 0.044994212962962965 0.02112268518518512
1 0.20480324074074074 0.2938368055555556 0.03233506944444442 0.03038194444444442
2 0.29053819444444445 0.29897280092592593 0.036646412037037 0.03443287037037035
5 0.5387731481481481 0.3630642361111111 0.027285879629629584 0.03797743055555558
0 0.11711516203703703 0.2886284722222222 0.03664641203703706 0.03443287037037035
8 0.5440393518518518 0.3122829861111111 0.03233506944444442 0.03038194444444442