4 0.7501157407407407 0.32262731481481477 0.056944444444444464 0.026273148148148184
3 0.6364583333333333 0.3128472222222222 0.05927372685185173 0.030280671296296302
3 0.8579137731481481 0.33210358796296297 0.053038194444444464 0.026070601851851838
4 0.3970486111111111 0.28877314814814814 0.06317997685185184 0.03048321759259265
5 0.5204716435185185 0.29905960648148144 0.03771701388888893 0.048596643518518556
2 0.5115596064814815 0.22669270833333333 0.047106481481481444 0.045196759259259256
0 0.2582899305555556 0.19995659722222223 0.051012731481481444 0.04539930555555555
5 0.2673900462962963 0.27427662037037037 0.0361400462962963 0.05240162037037033
6 0.6273582175925926 0.23852719907407408 0.04496527777777781 0.04314236111111108
1 0.38776041666666666 0.2125 0.047106481481481444 0.045196759259259256
8 0.8511429398148148 0.26179108796296297 0.04105902777777781 0.04293981481481479
7 0.7412037037037037 0.25026041666666665 0.04105902777777781 0.04293981481481479