3 0.712890625 0.38541666666666663 0.044921875 0.022526041666666607
4 0.451171875 0.36601562499999996 0.044921875 0.026432291666666607
4 0.5390625 0.37382812499999996 0.044921875 0.022526041666666607
3 0.2734375 0.35221354166666663 0.048828125 0.02278645833333326
1 0.36328125 0.30546875 0.029296875 0.03125
0 0.2734375 0.29947916666666663 0.03515625 0.03164062500000009
7 0.626953125 0.326953125 0.029296875 0.03125
2 0.451171875 0.31328125 0.033203125 0.03541666666666665
5 0.36328125 0.358203125 0.0234375 0.04062500000000002
5 0.626953125 0.377734375 0.0234375 0.03671875000000002
6 0.541015625 0.31927083333333334 0.029296875 0.03515625
8 0.71484375 0.3328125 0.029296875 0.03125