4 0.345703125 0.38745659722222225 0.033203125 0.016116898148148096
4 0.283203125 0.38838252314814814 0.033203125 0.016116898148148096
3 0.220703125 0.391261574074074 0.033203125 0.014163773148148096
3 0.533203125 0.3846788194444445 0.033203125 0.016116898148148096
6 0.40625 0.34749710648148147 0.0234375 0.023784722222222276
8 0.533203125 0.3456163194444445 0.025390625 0.023813657407407485
0 0.21875 0.35418113425925923 0.0234375 0.023784722222222276
1 0.283203125 0.35127314814814814 0.025390625 0.025766782407407374
5 0.40625 0.38655960648148147 0.015625 0.029528356481481444
2 0.345703125 0.35034722222222225 0.025390625 0.025766782407407485
7 0.46875 0.3465711805555556 0.0234375 0.023784722222222276
5 0.46875 0.3856336805555556 0.015625 0.029528356481481444