4 0.48637152777777776 0.33179976851851856 0.047511574074074026 0.021831597222222276
3 0.6619791666666667 0.3389612268518518 0.04751157407407414 0.021831597222222276
3 0.827879050925926 0.3440972222222222 0.04159432870370372 0.019835069444444464
4 0.7459056712962963 0.34153645833333335 0.04159432870370372 0.019835069444444464
5 0.5761574074074074 0.3344184027777778 0.022583912037037024 0.037268518518518534
1 0.48810763888888886 0.2732060185185185 0.036082175925926 0.03151041666666665
2 0.5758825231481481 0.2777633101851852 0.03229166666666661 0.035387731481481444
6 0.6655526620370371 0.2842881944444444 0.032175925925925775 0.031481481481481444
5 0.3927951388888889 0.3252459490740741 0.026490162037037024 0.03729745370370363
0 0.3925202546296296 0.2685908564814815 0.036082175925926 0.03151041666666665
7 0.7474681712962963 0.28880208333333335 0.028269675925925997 0.031452546296296235
8 0.8294415509259259 0.2913628472222222 0.028269675925925775 0.031452546296296346