3 0.021831597222222224 0.2794126157407407 0.03146701388888889 0.009997106481481444
4 0.4868055555555556 0.2887152777777778 0.059157986111111116 0.02582465277777779
3 0.24843749999999998 0.28304398148148147 0.059157986111111116 0.02582465277777779
4 0.6039930555555556 0.28958333333333336 0.057204861111111116 0.025810185185185186
2 0.24683159722222225 0.21077835648148147 0.04184027777777777 0.037413194444444464
6 0.36796874999999996 0.2136284722222222 0.04388020833333339 0.04133391203703707
1 0.12764756944444444 0.20794270833333334 0.04192708333333334 0.041319444444444464
5 0.367578125 0.28392650462962965 0.028472222222222232 0.050983796296296235
7 0.48515624999999996 0.21449652777777778 0.04192708333333339 0.041319444444444464
5 0.12730034722222222 0.28019386574074073 0.03229166666666666 0.047106481481481444
8 0.6023871527777778 0.21731770833333333 0.04379340277777777 0.03742766203703701
0 0.016297743055555557 0.20614149305555557 0.024348958333333337 0.04118923611111114