3 0.328125 0.330078125 0.04296875 0.021484375
3 0.16796875 0.33984375 0.037109375 0.01953125
5 0.02734375 0.345703125 0.01953125 0.03515625
4 0.416015625 0.32421875 0.04296875 0.021484375
6 0.24609375 0.28125 0.02734375 0.03125
5 0.24609375 0.333984375 0.021484375 0.037109375
4 0.09765625 0.34375 0.041015625 0.01953125
2 0.16796875 0.28515625 0.025390625 0.02734375
1 0.09765625 0.29296875 0.025390625 0.02734375
7 0.328125 0.2734375 0.03125 0.03515625
8 0.416015625 0.267578125 0.03125 0.03515625
0 0.02734375 0.296875 0.025390625 0.03125