0 0.21875 0.3515625 0.029296875 0.02734375
4 0.216796875 0.388671875 0.029296875 0.017578125
1 0.275390625 0.34765625 0.02734375 0.029296875
3 0.2734375 0.38671875 0.033203125 0.017578125
2 0.33203125 0.345703125 0.02734375 0.025390625
5 0.333984375 0.3828125 0.017578125 0.02734375
6 0.392578125 0.34375 0.0234375 0.02734375
4 0.39453125 0.380859375 0.03125 0.017578125
7 0.453125 0.33984375 0.025390625 0.02734375
3 0.453125 0.380859375 0.033203125 0.017578125
8 0.51953125 0.337890625 0.02734375 0.02734375
5 0.517578125 0.376953125 0.0234375 0.029296875