0 0.43572048611111114 0.3475260416666667 0.02799479166666674 0.029673032407407374
4 0.4390190972222222 0.3846354166666667 0.03298611111111116 0.019994212962963
1 0.490234375 0.3447627314814815 0.02799479166666674 0.029673032407407485
3 0.4915798611111111 0.38190104166666666 0.0312065972222223 0.02191840277777779
2 0.5463541666666667 0.33806423611111114 0.02799479166666652 0.029673032407407485
5 0.5494791666666666 0.37322048611111114 0.022309027777777768 0.03153935185185186
6 0.6085069444444444 0.3332320601851852 0.02994791666666652 0.029701967592592582
4 0.6080729166666667 0.37235243055555556 0.03493923611111116 0.020023148148148096
7 0.6704861111111111 0.32644675925925926 0.029600694444444464 0.025795717592592582
3 0.6743055555555555 0.36941550925925926 0.037239583333333215 0.023958333333333304
8 0.7384982638888888 0.32152777777777775 0.03190104166666652 0.02973090277777768
5 0.7401909722222222 0.36257233796296295 0.02495659722222232 0.03938078703703707