0 0.221021412037037 0.21740451388888887 0.04524016203703707 0.043634259259259234
1 0.34599247685185186 0.21945891203703705 0.041319444444444464 0.04162326388888893
2 0.46319444444444446 0.21576967592592594 0.04325810185185186 0.039699074074074026
6 0.5862268518518519 0.21589988425925927 0.041319444444444464 0.04162326388888893
7 0.7053530092592593 0.21608796296296295 0.03739872685185186 0.03961226851851851
8 0.8225405092592593 0.21435185185185185 0.03544560185185186 0.039583333333333304
3 0.22045717592592592 0.29357638888888893 0.05879629629629629 0.02821180555555558
5 0.34156539351851856 0.2898292824074074 0.033579282407407485 0.051273148148148096
4 0.46458333333333335 0.2919126157407408 0.06076388888888884 0.03019386574074079
4 0.5837239583333333 0.2901475694444444 0.06076388888888884 0.03019386574074079
3 0.822019675925926 0.2846643518518519 0.06074942129629646 0.02824074074074079
5 0.7028645833333333 0.28838252314814816 0.029673032407407485 0.05121527777777779