4 0.7859519675925926 0.3023871527777778 0.05360243055555558 0.024609375000000044
3 0.6744791666666667 0.2960069444444444 0.0576533564814814 0.028602430555555558
3 0.8896122685185185 0.30859375 0.04969618055555558 0.02452256944444442
4 0.43974247685185186 0.2810329861111111 0.06155960648148151 0.02868923611111107
5 0.5589554398148149 0.28563368055555555 0.03493923611111116 0.047612847222222254
2 0.5563512731481481 0.21532118055555555 0.04456018518518512 0.043923611111111094
0 0.30779803240740744 0.19613715277777777 0.04846643518518512 0.04401041666666666
5 0.31242766203703703 0.2684461805555556 0.03110532407407407 0.04947916666666674
6 0.6697771990740741 0.22174479166666666 0.0405092592592593 0.03993055555555558
1 0.4369212962962963 0.2048611111111111 0.04456018518518512 0.043923611111111094
8 0.8870804398148149 0.240234375 0.03855613425925908 0.03988715277777777
7 0.7813946759259259 0.23203125000000002 0.0385561342592593 0.03988715277777777