3 0.25224247685185186 0.410546875 0.030107060185185164 0.01497395833333326
4 0.30486111111111114 0.41093749999999996 0.030222800925925997 0.01692708333333326
3 0.521657986111111 0.42057291666666663 0.030222800925925775 0.01692708333333326
4 0.36150173611111114 0.41345486111111107 0.030222800925925997 0.01692708333333326
8 0.5195746527777778 0.3854166666666667 0.022757523148148273 0.022439236111111094
6 0.41226851851851853 0.3825954861111111 0.02068865740740744 0.02039930555555558
0 0.25027488425925926 0.37734375 0.022757523148148162 0.022439236111111205
7 0.46684027777777776 0.38307291666666665 0.020804398148148162 0.02235243055555558
5 0.41228298611111114 0.41571180555555554 0.01689814814814805 0.022178819444444442
1 0.30289351851851853 0.377734375 0.02068865740740744 0.02039930555555558
2 0.35551215277777776 0.378125 0.022757523148148162 0.022439236111111094
5 0.46685474537037036 0.41618923611111114 0.017129629629629606 0.026085069444444553