0 0.328125 0.306640625 0.029296875 0.03125
1 0.408203125 0.3046875 0.02734375 0.02734375
2 0.484375 0.306640625 0.03125 0.03125
6 0.564453125 0.306640625 0.02734375 0.025390625
7 0.64453125 0.306640625 0.033203125 0.033203125
8 0.72265625 0.30859375 0.033203125 0.03125
5 0.408203125 0.353515625 0.0234375 0.033203125
3 0.326171875 0.353515625 0.041015625 0.01953125
4 0.486328125 0.35546875 0.046875 0.0234375
4 0.564453125 0.35546875 0.046875 0.01953125
5 0.64453125 0.35546875 0.025390625 0.03515625
3 0.720703125 0.35546875 0.041015625 0.01953125