0 0.10593171296296297 0.28002025462962965 0.03217592592592594 0.031481481481481444
2 0.2718315972222222 0.27734375 0.03407118055555558 0.029542824074074048
1 0.18980034722222222 0.27673611111111107 0.03016493055555558 0.02951388888888884
6 0.3577690972222222 0.2779803240740741 0.034129050925925886 0.03149594907407405
7 0.4456597222222222 0.27863136574074077 0.036255787037037024 0.03736979166666665
8 0.5295862268518519 0.27730034722222224 0.03809317129629619 0.033478009259259256
5 0.3573206018518519 0.3287471064814815 0.024537037037037024 0.03728298611111114
5 0.4452112268518519 0.32939814814814816 0.024537037037037024 0.03728298611111103
3 0.5272424768518519 0.33000578703703703 0.04354745370370372 0.01984953703703707
4 0.19130497685185185 0.32751736111111107 0.04354745370370372 0.01984953703703707
3 0.10536747685185185 0.32688078703703705 0.03964120370370372 0.01982060185185186
4 0.2752893518518519 0.3281394675925926 0.04354745370370372 0.01984953703703707