0 0.880859375 0.390625 0.01953125 0.021484375
1 0.92578125 0.390625 0.017578125 0.021484375
2 0.96875 0.390625 0.01953125 0.021484375
3 0.880859375 0.41796875 0.025390625 0.017578125
3 0.92578125 0.41796875 0.025390625 0.017578125
5 0.970703125 0.41796875 0.017578125 0.025390625
0 0.0625 0.380859375 0.0234375 0.0234375
1 0.11328125 0.380859375 0.0234375 0.0234375
2 0.162109375 0.380859375 0.021484375 0.0234375
6 0.212890625 0.380859375 0.01953125 0.0234375
7 0.26171875 0.380859375 0.01953125 0.0234375
8 0.3125 0.380859375 0.021484375 0.0234375
3 0.0625 0.41015625 0.02734375 0.017578125
3 0.11328125 0.41015625 0.02734375 0.015625
5 0.1640625 0.41015625 0.01953125 0.02734375
5 0.212890625 0.41015625 0.017578125 0.025390625
4 0.26171875 0.412109375 0.029296875 0.015625
4 0.3125 0.412109375 0.025390625 0.015625