3 0.4847800925925926 0.39619502314814814 0.030107060185185164 0.01410590277777779
8 0.4867476851851852 0.36299189814814814 0.024826388888888884 0.023784722222222276
3 0.20146122685185186 0.3939525462962963 0.030222800925925886 0.01605902777777779
6 0.3734664351851852 0.3613136574074074 0.024826388888888884 0.023784722222222276
4 0.3148582175925926 0.393677662037037 0.030107060185185164 0.01410590277777779
7 0.4282696759259259 0.36017071759259256 0.024942129629629717 0.025737847222222276
4 0.25810185185185186 0.39479166666666665 0.034129050925925886 0.016116898148148096
1 0.2621383101851852 0.35966435185185186 0.024826388888888884 0.023784722222222276
0 0.20354456018518519 0.3587962962962963 0.024826388888888884 0.023784722222222276
2 0.3148726851851852 0.3604456018518518 0.026779513888888884 0.023813657407407485
5 0.4261863425925926 0.39532696759259256 0.017129629629629606 0.025622106481481444
5 0.3695457175925926 0.39448784722222224 0.021035879629629606 0.02567997685185186