4 0.873046875 0.29296875 0.052734375 0.025390625
3 0.421875 0.291015625 0.056640625 0.025390625
3 0.53515625 0.291015625 0.05859375 0.025390625
4 0.978515625 0.29296875 0.04296875 0.01953125
1 0.537109375 0.22265625 0.037109375 0.037109375
0 0.421875 0.220703125 0.04296875 0.041015625
5 0.76171875 0.291015625 0.025390625 0.04296875
2 0.650390625 0.22265625 0.037109375 0.037109375
5 0.65234375 0.2890625 0.02734375 0.046875
6 0.76171875 0.22265625 0.037109375 0.037109375
7 0.873046875 0.224609375 0.041015625 0.037109375
6 0.982421875 0.224609375 0.03515625 0.037109375