1 0.09908854166666667 0.2521701388888889 0.04058159722222221 0.04181134259259256
2 0.18680555555555556 0.2437065972222222 0.04023437499999999 0.03790509259259256
6 0.2768229166666667 0.23900462962962962 0.03667534722222232 0.041521990740740755
7 0.3663194444444444 0.22844328703703703 0.03402777777777777 0.033564814814814825
8 0.4561631944444444 0.22178819444444442 0.03793402777777777 0.03385416666666663
5 0.2813368055555555 0.28978587962962965 0.02673611111111107 0.03884548611111116
5 0.3711805555555555 0.28313078703703703 0.02673611111111107 0.03884548611111116
3 0.46119791666666665 0.2784288194444444 0.04683159722222219 0.02481192129629628
4 0.19361979166666665 0.2982494212962963 0.05073784722222219 0.02510127314814814
4 0.10377604166666667 0.3049045138888889 0.050737847222222215 0.02510127314814814
3 0.033463541666666666 0.3101128472222222 0.011675347222222215 0.02220775462962965