2 0.798828125 0.365234375 0.0234375 0.021484375
0 0.6875 0.369140625 0.0234375 0.0234375
4 0.921875 0.39453125 0.037109375 0.017578125
3 0.7421875 0.400390625 0.03515625 0.01953125
3 0.6875 0.40234375 0.029296875 0.015625
5 0.80078125 0.396484375 0.01953125 0.025390625
8 0.986328125 0.357421875 0.025390625 0.02734375
4 0.984375 0.392578125 0.03125 0.015625
1 0.744140625 0.365234375 0.0234375 0.025390625
6 0.861328125 0.361328125 0.021484375 0.021484375
5 0.859375 0.396484375 0.01953125 0.029296875
7 0.921875 0.357421875 0.025390625 0.021484375