4 0.5807291666666667 0.3378472222222222 0.0449942129629628 0.020486111111111205
4 0.5004484953703704 0.3415798611111111 0.04068287037037033 0.01649305555555558
3 0.8229166666666667 0.3324652777777778 0.0410879629629628 0.02039930555555558
3 0.4203703703703704 0.343359375 0.04068287037037033 0.01649305555555558
8 0.8279803240740741 0.2836371527777778 0.03192997685185195 0.02604166666666674
5 0.7408854166666667 0.33428819444444446 0.026880787037037113 0.033723958333333304
6 0.6658709490740741 0.2872395833333333 0.02802372685185195 0.025954861111111116
5 0.6608072916666667 0.3360677083333333 0.022974537037037113 0.03363715277777779
7 0.7461516203703704 0.28350694444444446 0.03233506944444464 0.02994791666666674
0 0.4254340277777778 0.29453125 0.03624131944444442 0.030034722222222143
1 0.5055121527777778 0.2927517361111111 0.03233506944444442 0.02994791666666663
2 0.5855902777777777 0.2909722222222222 0.03233506944444464 0.02994791666666674