4 0.2404513888888889 0.34609375 0.04683159722222219 0.024479166666666607
4 0.3244357638888889 0.3516927083333333 0.04292534722222219 0.024218749999999956
3 0.1525607638888889 0.340234375 0.05073784722222219 0.02473958333333326
3 0.5861545138888888 0.369140625 0.04683159722222241 0.024479166666666607
0 0.14609375 0.28932291666666665 0.03368055555555555 0.029427083333333326
8 0.5814670138888889 0.31640625 0.03402777777777777 0.033333333333333326
6 0.4076388888888889 0.3048177083333333 0.03402777777777777 0.033333333333333326
1 0.23576388888888888 0.293359375 0.03402777777777777 0.033333333333333326
5 0.4961371527777778 0.3611979166666667 0.02673611111111107 0.03867187500000002
7 0.4914496527777778 0.3084635416666667 0.0336805555555556 0.029427083333333326
5 0.4121527777777778 0.3555989583333333 0.02673611111111107 0.03867187500000002
2 0.3197482638888889 0.2989583333333333 0.03793402777777777 0.03359374999999998