4 0.330078125 0.35546875 0.041015625 0.015625
4 0.564453125 0.35546875 0.041015625 0.01953125
3 0.638671875 0.359375 0.041015625 0.01953125
3 0.408203125 0.35546875 0.041015625 0.01953125
6 0.5625 0.310546875 0.025390625 0.02734375
1 0.408203125 0.30859375 0.02734375 0.02734375
7 0.638671875 0.310546875 0.02734375 0.02734375
5 0.486328125 0.35546875 0.021484375 0.03125
5 0.71484375 0.359375 0.021484375 0.03125
2 0.486328125 0.30859375 0.02734375 0.02734375
0 0.328125 0.30859375 0.03125 0.02734375
8 0.71484375 0.3125 0.02734375 0.025390625