3 0.600636574074074 0.32421875 0.04667245370370354 0.021484375
3 0.20092592592592592 0.30859375 0.05643807870370371 0.021484375
5 0.30850694444444443 0.310546875 0.028732638888888884 0.041015625
2 0.30357349537037037 0.25 0.04192708333333339 0.03515625
4 0.512427662037037 0.3203125 0.040813078703703765 0.021484375
4 0.4087528935185185 0.318359375 0.056438078703703765 0.021484375
8 0.5960214120370371 0.267578125 0.033796296296296324 0.03125
5 0.08896122685185184 0.30078125 0.032638888888888884 0.041015625
6 0.4038194444444444 0.2578125 0.03802083333333339 0.03515625
0 0.08386863425925925 0.23828125 0.04778645833333334 0.03515625
1 0.19567418981481483 0.244140625 0.03802083333333328 0.03515625
7 0.5017939814814815 0.26171875 0.033796296296296324 0.03125