0 0.30010127314814816 0.29150752314814815 0.03880208333333335 0.03541666666666665
1 0.38819444444444445 0.29020543981481484 0.038599537037037 0.03346354166666665
3 0.295240162037037 0.33838252314814815 0.045196759259259256 0.02180266203703707
3 0.3807725694444445 0.34292534722222223 0.04735243055555549 0.023770254629629672
2 0.47022569444444445 0.2908130787037037 0.03684895833333335 0.03540219907407405
5 0.4649594907407407 0.3415943287037037 0.02748842592592593 0.03923611111111114
5 0.5506944444444444 0.3441840277777778 0.02944155092592604 0.03925057870370363
6 0.5542100694444444 0.2914351851851852 0.03233506944444442 0.02951388888888884
6 0.637991898148148 0.2940104166666667 0.03274016203703711 0.03342013888888884
4 0.6327256944444444 0.34479166666666666 0.04539930555555571 0.02375578703703707
8 0.7219762731481482 0.29463252314814814 0.03489583333333335 0.035387731481481444
4 0.7145543981481481 0.34735243055555554 0.04344618055555549 0.023741319444444464