0 0.27717013888888886 0.30572916666666666 0.029542824074074048 0.03515625
1 0.3592447916666667 0.3053385416666667 0.029542824074074048 0.03515625
4 0.3588252314814815 0.36197916666666663 0.04314236111111114 0.026302083333333393
3 0.4506365740740741 0.3661458333333333 0.04704861111111103 0.026562500000000044
3 0.6460503472222222 0.36549479166666665 0.05681423611111103 0.027213541666666674
4 0.7515625 0.3666666666666667 0.052936921296296235 0.03085937499999991
2 0.45109953703703703 0.30364583333333334 0.03344907407407405 0.03541666666666665
7 0.6465277777777778 0.30104166666666665 0.037384259259259256 0.039583333333333304
5 0.2767650462962963 0.36041666666666666 0.023712384259259256 0.03867187500000002
6 0.5448929398148148 0.30403645833333337 0.03344907407407405 0.03541666666666665
5 0.544458912037037 0.3626302083333333 0.02763310185185186 0.040885416666666674
8 0.7539930555555555 0.30234375 0.039337384259259256 0.03971354166666674