3 0.584056712962963 0.4037326388888889 0.029528356481481666 0.01627604166666663
5 0.5372106481481482 0.4007378472222223 0.01605902777777768 0.029644097222222276
4 0.6308159722222222 0.41258680555555555 0.025622106481481444 0.016189236111111116
4 0.48258101851851853 0.3956163194444444 0.029528356481481444 0.01627604166666674
5 0.42407407407407405 0.3884548611111111 0.01996527777777768 0.02973090277777779
2 0.5338541666666667 0.36354166666666665 0.021860532407407263 0.02586805555555549
1 0.4831886574074074 0.3546006944444444 0.02180266203703707 0.02196180555555549
7 0.6313946759259259 0.37352430555555555 0.01984953703703707 0.02191840277777779
3 0.673755787037037 0.4154947916666667 0.021715856481481666 0.01610243055555549
6 0.5865306712962963 0.3686197916666667 0.01984953703703707 0.02191840277777768
8 0.6742766203703704 0.3803385416666667 0.01594328703703707 0.021831597222222276
0 0.424681712962963 0.3474392361111111 0.02570891203703707 0.022048611111111116