2 0.287109375 0.375 0.03125 0.0234375
8 0.439453125 0.37890625 0.02734375 0.02734375
3 0.232421875 0.40625 0.03125 0.017578125
1 0.234375 0.373046875 0.0234375 0.025390625
4 0.17578125 0.404296875 0.033203125 0.013671875
7 0.390625 0.37890625 0.0234375 0.025390625
0 0.177734375 0.373046875 0.025390625 0.025390625
6 0.337890625 0.376953125 0.0234375 0.025390625
3 0.287109375 0.40625 0.03125 0.017578125
4 0.341796875 0.408203125 0.033203125 0.017578125
5 0.390625 0.408203125 0.01953125 0.02734375
5 0.439453125 0.408203125 0.017578125 0.029296875