8 0.779296875 0.3941840277777778 0.02734375 0.026200810185185164
5 0.591796875 0.4257378472222222 0.021484375 0.027980324074074137
0 0.462890625 0.3848090277777778 0.025390625 0.026142939814814747
5 0.462890625 0.4219184027777778 0.017578125 0.027864583333333304
4 0.716796875 0.43139467592592595 0.03515625 0.018619791666666607
6 0.65234375 0.3904224537037037 0.025390625 0.02614293981481486
7 0.71484375 0.39227430555555554 0.025390625 0.026142939814814747
3 0.52734375 0.42578125 0.03515625 0.018619791666666607
3 0.77734375 0.4351417824074074 0.03125 0.014597800925925997
4 0.654296875 0.42954282407407407 0.03515625 0.018619791666666607
2 0.58984375 0.3885706018518519 0.025390625 0.026142939814814747
1 0.52734375 0.38671875 0.02734375 0.026200810185185164
1 0.1015625 0.45222800925925927 0.013671875 0.017983217592592582
8 0.125 0.4646412037037037 0.013671875 0.03556134259259258
8 0.189453125 0.46655092592592595 0.013671875 0.021889467592592693
8 0.1484375 0.46728877314814815 0.017578125 0.039583333333333304
8 0.078125 0.4495804398148148 0.009765625 0.01396122685185186
8 0.115234375 0.44872685185185185 0.021484375 0.018214699074074026
8 0.177734375 0.4564380787037037 0.021484375 0.018214699074074137
8 0.0859375 0.4693431712962963 0.025390625 0.026142939814814747