3 0.5855034722222222 0.39237557870370365 0.03515625 0.018070023148148096
4 0.3240017361111111 0.39820601851851856 0.03472222222222221 0.014163773148148096
3 0.2595486111111111 0.39916087962962965 0.03472222222222221 0.014163773148148096
4 0.3882378472222222 0.3952980324074074 0.0390625 0.018127893518518512
8 0.5811631944444444 0.3533130787037037 0.03038194444444442 0.027748842592592582
0 0.25325520833333337 0.36012731481481486 0.02604166666666674 0.023784722222222276
6 0.4500868055555556 0.3532986111111111 0.02994791666666674 0.023842592592592582
5 0.4526909722222222 0.3943431712962963 0.02083333333333326 0.029557291666666652
5 0.5190972222222222 0.393359375 0.02083333333333326 0.029557291666666652
2 0.3819444444444444 0.3562644675925926 0.03038194444444442 0.027748842592592582
7 0.5145399305555556 0.35234374999999996 0.02604166666666652 0.023784722222222276
1 0.3194444444444444 0.35719039351851856 0.02647569444444442 0.027690972222222276