4 0.7366608796296297 0.31947337962962963 0.05096932870370363 0.02614293981481486
3 0.6389756944444445 0.3141203703703703 0.05289351851851842 0.022265624999999956
5 0.31073495370370374 0.29363425925925923 0.031597222222222276 0.04733796296296289
4 0.42407407407407405 0.303125 0.05682870370370363 0.026229745370370372
3 0.8323784722222223 0.3228443287037037 0.04703414351851842 0.022178819444444442
5 0.5315104166666667 0.3066695601851852 0.027690972222222276 0.04728009259259269
6 0.6384837962962963 0.24771412037037038 0.03541666666666665 0.035677083333333304
2 0.5329861111111112 0.24224537037037036 0.037384259259259256 0.03765914351851851
0 0.31024305555555554 0.22722800925925926 0.043243634259259256 0.03774594907407408
1 0.42552083333333335 0.23479456018518519 0.041290509259259256 0.03771701388888893
8 0.8338686342592593 0.26037326388888893 0.03541666666666665 0.035677083333333304
7 0.7361834490740741 0.25502025462962963 0.037384259259259256 0.03765914351851851