3 0.4450954861111111 0.354615162037037 0.03164062499999998 0.018041087962962887
3 0.550390625 0.36086516203703706 0.027647569444444464 0.014076967592592582
4 0.3222222222222222 0.3486255787037037 0.03554687500000009 0.018098958333333304
4 0.4996527777777778 0.35966435185185186 0.03164062499999998 0.018041087962963
5 0.3866319444444445 0.3496238425925926 0.01818576388888893 0.027604166666666652
5 0.25008680555555557 0.3438368055555555 0.022178819444444442 0.03156828703703707
1 0.3232204861111111 0.3037037037037037 0.023958333333333304 0.023784722222222276
2 0.38359375 0.3106192129629629 0.023958333333333304 0.023784722222222276
0 0.25104166666666666 0.30086805555555557 0.02795138888888893 0.027748842592592582
7 0.5005642361111111 0.31864872685185186 0.022005208333333304 0.02375578703703707
8 0.551171875 0.325708912037037 0.022005208333333304 0.02375578703703707
6 0.44592013888888893 0.317505787037037 0.023958333333333304 0.023784722222222276