0 0.09202835648148147 0.2358940972222222 0.05306712962962962 0.046875
4 0.09155092592592592 0.3003472222222222 0.060792824074074076 0.03544560185185186
3 0.20083912037037038 0.31611689814814814 0.056872106481481444 0.03334780092592593
1 0.20128761574074072 0.25557002314814814 0.04134837962962967 0.04644097222222221
2 0.2969039351851852 0.27083333333333337 0.037413194444444464 0.04239004629629628
5 0.2984375 0.3275462962962963 0.029644097222222276 0.04796006944444442
6 0.38469328703703703 0.2877604166666667 0.03352141203703707 0.04419849537037035
4 0.38427372685185185 0.34440104166666663 0.04706307870370374 0.02712673611111116
7 0.46077835648148147 0.3023003472222222 0.033478009259259256 0.03833912037037035
3 0.4603877314814815 0.3550347222222222 0.041218171296296235 0.02886284722222221
5 0.5306568287037037 0.3634982638888889 0.023741319444444464 0.04188368055555558
8 0.5310185185185186 0.3146701388888889 0.02958622685185186 0.04014756944444442