3 0.5922309027777777 0.32446469907407405 0.06206597222222232 0.03243634259259265
4 0.7110677083333334 0.3365017361111111 0.05815972222222232 0.0322337962962963
3 0.8240451388888889 0.3482349537037037 0.05805844907407409 0.030280671296296302
5 0.19470486111111113 0.2862268518518518 0.039843749999999956 0.05465856481481479
4 0.3349247685185185 0.3013310185185185 0.06792534722222232 0.03274016203703711
5 0.46558159722222225 0.31202256944444445 0.03583622685185195 0.052502893518518556
6 0.5942274305555556 0.24819155092592593 0.045196759259259256 0.045196759259259256
0 0.19895833333333335 0.20419560185185187 0.0532118055555556 0.04950810185185184
2 0.46963252314814813 0.23389756944444445 0.049103009259259256 0.0453993055555556
1 0.3390769675925926 0.2212528935185185 0.049103009259259256 0.0453993055555556
8 0.8298466435185186 0.27411747685185184 0.04314236111111125 0.04314236111111103
7 0.7150173611111111 0.2603298611111111 0.045196759259259256 0.045196759259259256