2 0.810546875 0.3828125 0.01953125 0.021484375
6 0.853515625 0.376953125 0.017578125 0.0234375
7 0.900390625 0.37109375 0.01953125 0.0234375
5 0.73828125 0.41796875 0.013671875 0.0234375
0 0.73828125 0.392578125 0.015625 0.01953125
1 0.7734375 0.388671875 0.01953125 0.021484375
3 0.8125 0.412109375 0.02734375 0.015625
4 0.853515625 0.41015625 0.02734375 0.015625
4 0.900390625 0.404296875 0.029296875 0.015625
3 0.7734375 0.41796875 0.021484375 0.01171875
8 0.951171875 0.36328125 0.021484375 0.021484375
5 0.94921875 0.3984375 0.01953125 0.021484375