3 0.478443287037037 0.24563078703703703 0.07009548611111116 0.024450231481481455
4 0.8668258101851851 0.2552951388888889 0.06228298611111116 0.02433449074074079
4 0.7400173611111112 0.25146122685185185 0.0664785879629628 0.028298611111111094
2 0.48517071759259256 0.1812065972222222 0.04571759259259256 0.037745949074074026
3 0.2170138888888889 0.2378472222222222 0.06618923611111105 0.024392361111111094
5 0.35163483796296297 0.241796875 0.03667534722222221 0.04736689814814815
8 0.8598813657407407 0.19066840277777777 0.04571759259259256 0.03774594907407408
1 0.3564091435185185 0.17734375 0.0454282407407407 0.03383969907407408
6 0.6100260416666666 0.18501157407407406 0.0454282407407407 0.03383969907407408
5 0.611255787037037 0.24759837962962963 0.03638599537037024 0.04346064814814815
7 0.7311197916666666 0.18680555555555556 0.0454282407407407 0.03383969907407408
0 0.22945601851851852 0.17546296296296296 0.053240740740740755 0.0339554398148148