0 0.14564525462962963 0.2846354166666667 0.0339554398148148 0.03505497685185177
1 0.22524594907407408 0.28352141203703707 0.03395543981481486 0.03505497685185177
2 0.3046875 0.28045428240740744 0.03395543981481486 0.03505497685185177
6 0.3960069444444444 0.28003472222222225 0.03590856481481475 0.035170717592592604
7 0.48716724537037037 0.27766203703703707 0.03590856481481475 0.035170717592592604
8 0.5882523148148149 0.27782118055555555 0.03590856481481497 0.035170717592592604
5 0.1499421296296296 0.3373697916666667 0.022554976851851816 0.03826678240740744
4 0.2298611111111111 0.340162037037037 0.046513310185185175 0.022193287037037046
3 0.3117332175925926 0.34307002314814816 0.04260706018518523 0.02196180555555549
3 0.49241898148148144 0.34211516203703707 0.05269097222222219 0.02644675925925921
4 0.5936631944444444 0.34422743055555555 0.0591869212962961 0.03460648148148149
5 0.4009403935185185 0.34058159722222225 0.032638888888888884 0.04275173611111116