0 0.3515625 0.333984375 0.029296875 0.029296875
1 0.421875 0.333984375 0.02734375 0.029296875
2 0.48828125 0.33203125 0.029296875 0.02734375
6 0.55859375 0.33203125 0.02734375 0.029296875
7 0.625 0.333984375 0.025390625 0.02734375
8 0.693359375 0.333984375 0.02734375 0.02734375
3 0.3515625 0.375 0.037109375 0.021484375
3 0.419921875 0.375 0.037109375 0.01953125
5 0.48828125 0.375 0.021484375 0.033203125
5 0.556640625 0.373046875 0.021484375 0.033203125
4 0.625 0.376953125 0.033203125 0.021484375
4 0.693359375 0.375 0.03515625 0.01953125