3 0.2743923611111111 0.2716145833333333 0.06245659722222219 0.027473958333333326
3 0.5281394675925926 0.2904947916666667 0.06604456018518512 0.02382812500000009
4 0.7778211805555555 0.31106770833333336 0.06213831018518512 0.023567708333333326
4 0.8989149305555555 0.319140625 0.06018518518518512 0.0234375
5 0.40313946759259256 0.28216145833333334 0.03833912037037046 0.04140624999999998
5 0.6510271990740741 0.3006510416666667 0.03802083333333339 0.03749999999999998
8 0.8835214120370369 0.2670572916666667 0.04730902777777768 0.03229166666666661
1 0.40923032407407406 0.23151041666666666 0.04730902777777779 0.03229166666666666
2 0.528370949074074 0.239453125 0.04730902777777768 0.03229166666666672
7 0.7624276620370369 0.25898437500000004 0.04340277777777768 0.032031249999999956
0 0.28618344907407406 0.22330729166666666 0.04699074074074072 0.028385416666666663
6 0.6453993055555556 0.24921875000000002 0.04308449074074083 0.02812500000000001