3 0.4322916666666667 0.3418402777777778 0.04521122685185186 0.020529513888888795
5 0.5123408564814815 0.3420138888888889 0.023929398148148096 0.033723958333333304
3 0.7486400462962963 0.33871527777777777 0.03935185185185186 0.02039930555555558
5 0.35028935185185184 0.3417100694444445 0.023958333333333304 0.035677083333333304
4 0.6705439814814815 0.33849826388888893 0.03935185185185186 0.02039930555555558
4 0.5924189814814815 0.340234375 0.03935185185185186 0.02039930555555558
8 0.7493634259259259 0.28988715277777777 0.02582465277777768 0.029861111111111116
7 0.6732204861111111 0.2896267361111111 0.025766782407407263 0.025954861111111116
2 0.5130642361111111 0.2931857638888889 0.02973090277777768 0.02994791666666663
6 0.5931423611111111 0.29140625 0.02582465277777768 0.029861111111111116
0 0.3529658564814815 0.2928385416666667 0.02973090277777779 0.02994791666666663
1 0.4349681712962963 0.29296875 0.02582465277777779 0.029861111111111116
8 0.005262586805555556 0.4197048611111111 0.010525173611111112 0.019835069444444464
8 0.07962962962962963 0.4238715277777778 0.01005497685185186 0.01974826388888884
8 0.056221064814814814 0.4224392361111111 0.013903356481481471 0.015928819444444464
6 0.030888310185185185 0.41909722222222223 0.009997106481481478 0.01584201388888884
7 0.005208333333333334 0.43919270833333335 0.01005497685185185 0.01974826388888884
8 0.05791377314814815 0.4399739583333333 0.013874421296296291 0.013975694444444464
8 0.07936921296296295 0.4414496527777778 0.0099971064814815 0.01584201388888884
8 0.032725694444444446 0.4268663194444444 0.033637152777777776 0.030034722222222143
8 0.16108217592592594 0.46111111111111114 0.019733796296296346 0.014105902777777679