0 0.08203125 0.1328125 0.068359375 0.013671875
1 0.24609375 0.140625 0.05078125 0.025390625
2 0.3984375 0.146484375 0.046875 0.041015625
6 0.537109375 0.162109375 0.041015625 0.046875
7 0.666015625 0.173828125 0.048828125 0.04296875
8 0.78515625 0.1875 0.03515625 0.046875
3 0.078125 0.20703125 0.080078125 0.03125
3 0.248046875 0.220703125 0.0703125 0.033203125
5 0.400390625 0.232421875 0.0390625 0.056640625
5 0.5390625 0.2421875 0.033203125 0.056640625
4 0.6640625 0.255859375 0.060546875 0.025390625
4 0.783203125 0.263671875 0.0546875 0.025390625