3 0.69921875 0.359375 0.037109375 0.01953125
3 0.47265625 0.35546875 0.041015625 0.01953125
4 0.39453125 0.35546875 0.041015625 0.01953125
6 0.625 0.3125 0.025390625 0.025390625
1 0.47265625 0.30859375 0.02734375 0.025390625
5 0.775390625 0.359375 0.01953125 0.03125
2 0.55078125 0.310546875 0.03125 0.02734375
4 0.623046875 0.359375 0.041015625 0.01953125
5 0.55078125 0.35546875 0.01953125 0.03125
0 0.39453125 0.30859375 0.03125 0.02734375
7 0.69921875 0.310546875 0.03125 0.02734375
8 0.775390625 0.314453125 0.025390625 0.02734375