0 0.015625 0.158203125 0.03125 0.046875
1 0.142578125 0.15234375 0.046875 0.046875
2 0.275390625 0.146484375 0.05078125 0.04296875
6 0.41796875 0.142578125 0.05078125 0.03515625
7 0.564453125 0.138671875 0.03515625 0.02734375
8 0.72265625 0.13671875 0.052734375 0.021484375
3 0.568359375 0.220703125 0.08203125 0.03515625
4 0.419921875 0.2265625 0.072265625 0.03515625
3 0.138671875 0.23828125 0.06640625 0.03125
4 0.01953125 0.244140625 0.0390625 0.03125
5 0.27734375 0.23046875 0.03515625 0.056640625
5 0.72265625 0.212890625 0.041015625 0.0625