3 0.6448929398148149 0.3658275462962963 0.0391348379629628 0.019806134259259256
4 0.7134548611111111 0.368287037037037 0.03913483796296302 0.019806134259259256
1 0.4888310185185185 0.3100260416666667 0.030179398148148184 0.027546296296296235
4 0.49584780092592595 0.35886863425925924 0.03913483796296302 0.019806134259259256
5 0.5722222222222222 0.36138599537037036 0.022771990740740655 0.03139467592592593
2 0.5673611111111112 0.3145109953703704 0.028023726851851727 0.02557870370370363
0 0.40794270833333335 0.30162037037037037 0.034085648148148184 0.027575231481481444
7 0.7087962962962964 0.323365162037037 0.028226273148148184 0.02753182870370363
5 0.415162037037037 0.352416087962963 0.025130208333333348 0.035315393518518534
6 0.6400318287037037 0.3189525462962963 0.028226273148148184 0.02753182870370363
3 0.782421875 0.3746527777777778 0.03677662037037033 0.015885416666666652
8 0.7775607638888888 0.3277777777777778 0.024117476851851727 0.025549768518518534