3 0.1875 0.263671875 0.068359375 0.02734375
3 0.509765625 0.30859375 0.04296875 0.025390625
5 0.591796875 0.32421875 0.021484375 0.041015625
0 0.046875 0.162109375 0.05859375 0.05078125
2 0.3125 0.212890625 0.0390625 0.0390625
6 0.41796875 0.232421875 0.037109375 0.0390625
7 0.509765625 0.248046875 0.03125 0.0390625
4 0.41796875 0.298828125 0.052734375 0.02734375
1 0.193359375 0.189453125 0.046875 0.048828125
8 0.591796875 0.263671875 0.025390625 0.037109375
5 0.310546875 0.28125 0.02734375 0.05078125
4 0.046875 0.24609375 0.07421875 0.03125