4 0.9453125 0.29296875 0.052734375 0.025390625
3 0.384765625 0.291015625 0.056640625 0.025390625
3 0.498046875 0.291015625 0.05859375 0.025390625
4 0.8359375 0.29296875 0.052734375 0.025390625
1 0.498046875 0.22265625 0.041015625 0.037109375
0 0.384765625 0.220703125 0.04296875 0.041015625
5 0.72265625 0.29296875 0.02734375 0.046875
5 0.611328125 0.2890625 0.02734375 0.046875
2 0.611328125 0.22265625 0.041015625 0.037109375
6 0.724609375 0.22265625 0.037109375 0.037109375
7 0.8359375 0.224609375 0.041015625 0.037109375
8 0.947265625 0.224609375 0.037109375 0.037109375