3 0.447265625 0.35546875 0.04296875 0.01953125
4 0.599609375 0.359375 0.037109375 0.01953125
4 0.3671875 0.35546875 0.041015625 0.01953125
3 0.67578125 0.359375 0.037109375 0.01953125
1 0.44921875 0.30859375 0.02734375 0.025390625
6 0.599609375 0.310546875 0.025390625 0.02734375
2 0.5234375 0.310546875 0.02734375 0.02734375
5 0.5234375 0.35546875 0.021484375 0.03125
5 0.75 0.359375 0.01953125 0.03125
0 0.369140625 0.30859375 0.03125 0.02734375
7 0.67578125 0.310546875 0.02734375 0.02734375
8 0.75 0.3125 0.025390625 0.025390625