0 0.1724247685185185 0.349609375 0.03287037037037033 0.03125
4 0.17455150462962965 0.390625 0.03226273148148151 0.01953125
1 0.23482349537037037 0.34765625 0.0310185185185185 0.033203125
3 0.23509837962962962 0.390625 0.036168981481481455 0.01953125
2 0.29712094907407405 0.34375 0.03276909722222232 0.029296875
5 0.3013020833333333 0.38671875 0.02105034722222232 0.029296875
6 0.36537905092592593 0.341796875 0.02886284722222221 0.029296875
4 0.3676070601851852 0.384765625 0.03411458333333339 0.017578125
7 0.4315827546296296 0.337890625 0.028964120370370328 0.03125
3 0.43391203703703707 0.3828125 0.0361689814814814 0.01953125
8 0.5055989583333333 0.333984375 0.030917245370370328 0.03125
5 0.5040219907407407 0.37890625 0.029065393518518556 0.033203125