0 0.4286747685185185 0.40060763888888884 0.025665509259259256 0.02907986111111116
1 0.49492187499999996 0.40357349537037035 0.029571759259259256 0.02936921296296302
2 0.5634403935185185 0.4105902777777778 0.025347222222222188 0.02517361111111116
6 0.6317997685185186 0.41565393518518523 0.03168402777777768 0.03146701388888884
7 0.69609375 0.4184751157407407 0.029571759259259256 0.02936921296296302
8 0.7607060185185185 0.4252025462962963 0.029253472222222188 0.02546296296296302
8 0.762818287037037 0.4273003472222222 0.033478009259259256 0.02965856481481488
3 0.4339699074074074 0.4417679398148148 0.04228877314814805 0.01866319444444442
5 0.5005353009259259 0.4486400462962963 0.026142939814814747 0.03493923611111116
4 0.5669415509259259 0.4535590277777778 0.040494791666666696 0.02047164351851849
4 0.6331886574074074 0.4565248842592593 0.036588541666666696 0.02018229166666674
5 0.7017071759259259 0.46354166666666663 0.028096064814814747 0.03508391203703698
3 0.7661603009259259 0.4683159722222222 0.03674768518518512 0.02213541666666674