0 0.3173466435185185 0.22620081018518517 0.03870081018518512 0.04434317129629628
1 0.4095775462962963 0.21108217592592593 0.04072627314814814 0.0463686342592593
2 0.5078125 0.1918402777777778 0.04658564814814814 0.04658564814814814
6 0.6197916666666667 0.1701388888888889 0.04470486111111116 0.04846643518518523
7 0.7455150462962963 0.14597800925925924 0.05056423611111116 0.04868344907407407
8 0.8885995370370371 0.12702546296296297 0.052734375 0.054615162037037035
4 0.31705729166666663 0.2866753472222222 0.05215567129629628 0.03899016203703698
3 0.4090711805555556 0.27741608796296297 0.0459346064814814 0.02900752314814814
5 0.5072337962962963 0.26012731481481477 0.03305844907407418 0.04998553240740744
4 0.6189959490740741 0.24428530092592593 0.05591724537037046 0.03522858796296291
3 0.7444299768518519 0.22793692129629628 0.06763599537037046 0.0356626157407407
5 0.8857060185185186 0.20515046296296297 0.04333043981481488 0.06401909722222221