8 0.5243055555555556 0.40789930555555554 0.02361111111111125 0.024652777777777857
7 0.469603587962963 0.4031105324074074 0.01971932870370363 0.02640335648148151
2 0.35629340277777777 0.39333043981481486 0.023611111111111138 0.024652777777777857
3 0.2960069444444444 0.4253472222222222 0.03723958333333344 0.019502314814814792
4 0.46791087962962963 0.43816550925925923 0.031380208333333326 0.019198495370370328
3 0.23544560185185187 0.4202546296296297 0.033333333333333326 0.019299768518518556
0 0.2351707175925926 0.3831452546296296 0.02754629629629629 0.028761574074074092
1 0.29573206018518516 0.3882378472222222 0.023611111111111027 0.024652777777777857
5 0.413208912037037 0.4333767361111111 0.019733796296296235 0.02835648148148151
6 0.41294849537037037 0.3982204861111111 0.023611111111111138 0.024652777777777746
5 0.3565393518518518 0.4265335648148148 0.021686921296296235 0.028457754629629628
4 0.5245659722222222 0.44305555555555554 0.02944155092592604 0.02105034722222232