4 0.5546875 0.29296875 0.05859375 0.025390625
3 0.099609375 0.291015625 0.056640625 0.025390625
4 0.443359375 0.29296875 0.056640625 0.025390625
5 0.21484375 0.2890625 0.02734375 0.046875
5 0.330078125 0.291015625 0.02734375 0.04296875
2 0.21484375 0.22265625 0.037109375 0.037109375
6 0.330078125 0.22265625 0.041015625 0.037109375
1 0.1015625 0.22265625 0.041015625 0.037109375
3 0.005859375 0.2890625 0.01171875 0.009765625
8 0.5546875 0.224609375 0.041015625 0.037109375
7 0.44140625 0.224609375 0.041015625 0.037109375