4 0.138671875 0.296875 0.05859375 0.025390625
4 0.47265625 0.30859375 0.05078125 0.021484375
3 0.36328125 0.3046875 0.052734375 0.021484375
3 0.572265625 0.310546875 0.05078125 0.021484375
5 0.01953125 0.2890625 0.03125 0.046875
6 0.365234375 0.23828125 0.037109375 0.03515625
5 0.25390625 0.298828125 0.02734375 0.046875
8 0.57421875 0.248046875 0.03515625 0.03515625
2 0.25390625 0.234375 0.041015625 0.037109375
1 0.142578125 0.228515625 0.041015625 0.037109375
7 0.470703125 0.244140625 0.041015625 0.037109375
0 0.021484375 0.22265625 0.04296875 0.037109375