4 0.42304687500000004 0.31640625 0.049754050925926 0.015625
4 0.51484375 0.31640625 0.049754050925925775 0.015625
3 0.046093749999999996 0.31640625 0.04975405092592593 0.015625
3 0.23554687500000002 0.31640625 0.04584780092592594 0.015625
8 0.512644675925926 0.279296875 0.034707754629629495 0.025390625
2 0.2410445601851852 0.27734375 0.03666087962962966 0.025390625
5 0.32929687500000004 0.31640625 0.02517361111111116 0.029296875
7 0.42268518518518516 0.27734375 0.034592013888888884 0.0234375
5 0.141796875 0.31640625 0.02712673611111116 0.029296875
0 0.05745081018518518 0.27734375 0.036660879629629634 0.025390625
1 0.15120081018518516 0.27734375 0.040567129629629606 0.025390625
6 0.33284143518518516 0.27734375 0.03470775462962972 0.025390625