0 0.328125 0.30859375 0.041015625 0.04296875
1 0.408203125 0.306640625 0.037109375 0.03515625
2 0.486328125 0.306640625 0.037109375 0.033203125
6 0.56640625 0.30859375 0.033203125 0.033203125
7 0.64453125 0.30859375 0.03515625 0.033203125
8 0.72265625 0.310546875 0.033203125 0.037109375
3 0.328125 0.35546875 0.04296875 0.025390625
3 0.408203125 0.35546875 0.04296875 0.0234375
5 0.48828125 0.353515625 0.025390625 0.041015625
5 0.56640625 0.35546875 0.0234375 0.041015625
4 0.64453125 0.357421875 0.044921875 0.02734375
4 0.72265625 0.357421875 0.04296875 0.025390625