3 0.314453125 0.353515625 0.041015625 0.01953125
3 0.55078125 0.35546875 0.041015625 0.01953125
4 0.47265625 0.35546875 0.041015625 0.01953125
4 0.234375 0.353515625 0.04296875 0.01953125
1 0.314453125 0.3046875 0.02734375 0.02734375
6 0.47265625 0.30859375 0.02734375 0.02734375
0 0.232421875 0.302734375 0.03515625 0.03125
5 0.62890625 0.35546875 0.01953125 0.03125
2 0.39453125 0.306640625 0.02734375 0.025390625
5 0.39453125 0.353515625 0.021484375 0.03125
7 0.55078125 0.30859375 0.02734375 0.02734375
8 0.62890625 0.30859375 0.02734375 0.025390625