4 0.8816695601851852 0.22722800925925923 0.06061921296296302 0.02256944444444442
3 0.5084201388888889 0.24461805555555555 0.0664785879629628 0.022873263888888884
3 0.2562644675925926 0.2557291666666667 0.06277488425925926 0.024623842592592537
8 0.8592303240740741 0.18126446759259257 0.048162615740740655 0.033579282407407374
4 0.7586226851851852 0.2336082175925926 0.06061921296296302 0.02256944444444442
5 0.3832175925925926 0.24914641203703705 0.03489583333333335 0.03677662037037038
2 0.5031539351851853 0.19383680555555555 0.04796006944444442 0.031626157407407374
5 0.6336226851851852 0.24008969907407407 0.03489583333333335 0.03677662037037033
7 0.7379340277777777 0.18559027777777778 0.04210069444444464 0.031322337962962965
6 0.6242476851851853 0.18755787037037036 0.04405381944444464 0.03142361111111114
1 0.3840133101851852 0.2000144675925926 0.048162615740740766 0.03357928240740743
0 0.2609664351851852 0.20639467592592592 0.052068865740740766 0.03378182870370372