4 0.41927083333333337 0.3499710648148148 0.04969618055555558 0.02524594907407407
6 0.7335069444444444 0.26186342592592593 0.04644097222222232 0.04267939814814814
7 0.8610387731481481 0.25094039351851855 0.05034722222222232 0.04282407407407407
3 0.5133101851851851 0.3456307870370371 0.05164930555555558 0.02531828703703698
3 0.8562644675925926 0.3270399305555556 0.07342303240740744 0.03392650462962954
5 0.9837962962962963 0.31611689814814814 0.01179108796296302 0.05504918981481488
2 0.6196469907407407 0.27329282407407407 0.04644097222222232 0.04267939814814814
1 0.517650462962963 0.28125 0.03653067129629628 0.03841145833333337
5 0.6171875 0.33969907407407407 0.03291377314814814 0.04607928240740744
0 0.4234664351851852 0.2894965277777778 0.03841145833333337 0.03653067129629628
4 0.7308304398148148 0.33412905092592593 0.05946180555555558 0.02560763888888884
8 0.9837239583333334 0.23885995370370372 0.01924189814814814 0.04557291666666663