3 0.3899739583333333 0.3515625 0.04130497685185186 0.01953125
3 0.13796296296296295 0.34765625 0.04521122685185186 0.01953125
4 0.30788483796296295 0.34765625 0.04521122685185186 0.01953125
6 0.30517939814814815 0.296875 0.02973090277777779 0.029296875
7 0.3891927083333333 0.298828125 0.029673032407407485 0.025390625
4 0.05004340277777777 0.345703125 0.04526909722222222 0.0234375
2 0.22119502314814815 0.296875 0.03564814814814815 0.033203125
1 0.13718171296296294 0.294921875 0.03363715277777779 0.029296875
5 0.2219184027777778 0.345703125 0.023958333333333304 0.03515625
5 0.47392939814814816 0.349609375 0.023958333333333304 0.03515625
0 0.047309027777777776 0.29296875 0.03564814814814815 0.033203125
8 0.4732060185185185 0.30078125 0.02973090277777779 0.029296875