4 0.6946614583333333 0.41863425925925923 0.04123263888888884 0.02184606481481488
3 0.5381944444444444 0.411328125 0.04470486111111116 0.018171296296296324
4 0.6165364583333333 0.4140046296296296 0.04123263888888884 0.02184606481481488
3 0.9331597222222222 0.43080150462962963 0.04470486111111116 0.018171296296296324
6 0.7801649305555556 0.3745515046296296 0.02821180555555558 0.026895254629629717
8 0.9383680555555556 0.38392650462962963 0.03211805555555558 0.02712673611111116
5 0.7747395833333333 0.4233796296296296 0.02322048611111116 0.03436053240740744
0 0.5436197916666666 0.36250000000000004 0.03211805555555558 0.02712673611111116
5 0.8548177083333333 0.428125 0.02712673611111116 0.034592013888888884
1 0.6217447916666667 0.36712962962962964 0.02864583333333348 0.030801504629629606
2 0.6998697916666667 0.37175925925925923 0.03645833333333348 0.031264467592592604
7 0.8604600694444444 0.37734375 0.03255208333333348 0.03103298611111116