4 0.5874565972222222 0.4283854166666667 0.03255208333333326 0.018272569444444442
2 0.6901765046296297 0.39361979166666666 0.02741608796296302 0.027907986111111116
3 0.6906828703703703 0.4267795138888889 0.03240740740740744 0.016319444444444442
7 0.8012152777777778 0.3921875 0.02741608796296302 0.027907986111111116
6 0.7447193287037037 0.39288194444444446 0.02907986111111116 0.02404513888888893
3 0.6380931712962963 0.42756076388888886 0.03255208333333348 0.018272569444444553
4 0.7471788194444444 0.42608506944444446 0.03450520833333348 0.018315972222222143
8 0.8596643518518519 0.39153645833333334 0.02517361111111116 0.023958333333333304
0 0.5828993055555556 0.3931857638888889 0.02727141203703698 0.025954861111111116
1 0.6375868055555556 0.3944010416666667 0.02727141203703698 0.025954861111111116
5 0.8056278935185186 0.4254340277777778 0.01974826388888884 0.029687499999999978
5 0.8603153935185186 0.4266493055555556 0.0214120370370372 0.02582465277777768