8 0.8646267361111111 0.3219184027777778 0.02534722222222241 0.023611111111111138
6 0.7435329861111111 0.3228153935185185 0.02144097222222241 0.02358217592592593
5 0.574681712962963 0.3611979166666667 0.015581597222222188 0.023538773148148118
4 0.8069444444444445 0.3575231481481481 0.03236400462962963 0.013903356481481444
2 0.6850983796296296 0.3252025462962963 0.025347222222222188 0.023611111111111138
7 0.8040798611111111 0.3223668981481481 0.02534722222222241 0.023611111111111027
3 0.6314814814814815 0.3627314814814815 0.03431712962962985 0.013917824074074048
0 0.5698640046296296 0.3260561342592593 0.025347222222222188 0.023611111111111027
5 0.689916087962963 0.3603443287037037 0.015581597222222188 0.023538773148148118
1 0.6284577546296296 0.3256221064814815 0.021440972222222188 0.02358217592592593
4 0.7463975694444445 0.3579716435185185 0.03431712962962963 0.013917824074074048
3 0.8655381944444445 0.3570891203703704 0.03431712962962963 0.013917824074074048