3 0.8428096064814815 0.3802951388888889 0.04159432870370372 0.020442708333333393
4 0.5382378472222222 0.36961805555555555 0.03964120370370372 0.02039930555555558
1 0.6177517361111111 0.32447916666666665 0.03016493055555558 0.02994791666666674
6 0.7700376157407407 0.32981770833333335 0.03004918981481497 0.02604166666666674
4 0.7685908564814815 0.37864583333333335 0.04159432870370372 0.020442708333333393
0 0.5396846064814815 0.32078993055555555 0.03395543981481497 0.026128472222222254
3 0.6163049768518518 0.37330729166666665 0.04147858796296289 0.016536458333333393
2 0.6939236111111111 0.326171875 0.03407118055555558 0.030034722222222254
5 0.9189814814814814 0.38198784722222223 0.02051504629629619 0.03363715277777779
5 0.6925347222222222 0.373046875 0.02051504629629619 0.03363715277777779
7 0.8441984953703704 0.3334201388888889 0.03016493055555558 0.02994791666666663
8 0.9203703703703703 0.33511284722222223 0.02614293981481497 0.025954861111111116