0 0.34765625 0.30921585648148153 0.029296875 0.03146701388888884
7 0.67578125 0.311646412037037 0.025390625 0.02948495370370363
6 0.595703125 0.3091001157407407 0.025390625 0.02557870370370363
8 0.7578125 0.31225405092592595 0.025390625 0.02948495370370363
1 0.43359375 0.30985243055555556 0.02734375 0.025593171296296235
2 0.51171875 0.3065248842592593 0.029296875 0.02951388888888884
3 0.349609375 0.3580584490740741 0.04296875 0.02375578703703707
5 0.51171875 0.3573061342592593 0.0234375 0.03337673611111103
4 0.677734375 0.36244212962962963 0.04296875 0.01984953703703707
4 0.7578125 0.36303530092592595 0.0390625 0.01982060185185186
3 0.427734375 0.35668402777777775 0.044921875 0.019864004629629672
5 0.59375 0.35986689814814815 0.0234375 0.03532986111111114