3 0.530222800925926 0.39453125 0.03185763888888893 0.01171875
3 0.2509259259259259 0.39453125 0.03185763888888893 0.01171875
4 0.3622540509259259 0.39453125 0.02795138888888893 0.01171875
4 0.3075665509259259 0.39453125 0.03185763888888893 0.01171875
8 0.5304542824074074 0.361328125 0.022800925925925863 0.025390625
1 0.30594618055555556 0.36328125 0.026504629629629628 0.021484375
7 0.47175925925925927 0.359375 0.020645254629629628 0.021484375
6 0.41707175925925927 0.359375 0.022598379629629628 0.021484375
0 0.24930555555555556 0.36328125 0.026504629629629628 0.021484375
2 0.35857928240740744 0.361328125 0.026707175925925863 0.025390625
5 0.4755353009259259 0.39453125 0.016941550925925863 0.025390625
5 0.4169415509259259 0.39453125 0.020847800925925863 0.025390625