8 0.6720052083333333 0.4253616898148148 0.02141203703703698 0.02010995370370372
4 0.5773871527777779 0.4519386574074074 0.028660300925925863 0.014482060185185164
4 0.6242621527777779 0.4533275462962963 0.028660300925925863 0.014482060185185164
3 0.48168402777777775 0.4491030092592593 0.028660300925925863 0.014482060185185164
3 0.6711371527777779 0.4547164351851852 0.028660300925925863 0.014482060185185164
2 0.5313802083333333 0.42119502314814816 0.02141203703703698 0.02010995370370372
0 0.4356770833333333 0.418359375 0.02141203703703698 0.02010995370370372
6 0.5782552083333333 0.42258391203703705 0.02141203703703698 0.02010995370370372
5 0.4349971064814815 0.4457609953703704 0.01555266203703698 0.019936342592592693
5 0.5307002314814815 0.4485966435185185 0.01555266203703698 0.019936342592592582
1 0.4845052083333333 0.4198061342592593 0.01945891203703698 0.020052083333333304
7 0.6251302083333333 0.42397280092592593 0.02141203703703698 0.02010995370370372
8 0.12786458333333334 0.4621238425925926 0.011458333333333348 0.01786747685185186
8 0.10795717592592594 0.4654513888888889 0.016681134259259267 0.03165509259259258
8 0.14487847222222222 0.46850405092592595 0.012774884259259267 0.03153935185185186
8 0.19351851851851853 0.4719039351851852 0.016304976851851838 0.027748842592592582
8 0.029528356481481482 0.48663194444444446 0.019270833333333327 0.018098958333333304
3 0.17612847222222222 0.46942997685185184 0.022540509259259267 0.03182870370370372
3 0.157421875 0.48062789351851853 0.019270833333333348 0.018098958333333304
3 0.24985532407407407 0.4970775462962963 0.014988425925925974 0.014076967592592471
3 0.21860532407407407 0.4961516203703704 0.02866030092592592 0.014482060185185164
3 0.049247685185185186 0.48525752314814813 0.02084780092592592 0.01425057870370372