7 0.2890625 0.373046875 0.0234375 0.025390625
2 0.177734375 0.3671875 0.025390625 0.029296875
6 0.234375 0.369140625 0.025390625 0.02734375
8 0.341796875 0.375 0.025390625 0.025390625
1 0.119140625 0.365234375 0.025390625 0.0234375
4 0.05859375 0.396484375 0.03515625 0.01953125
0 0.05859375 0.36328125 0.029296875 0.025390625
3 0.177734375 0.400390625 0.03515625 0.01953125
3 0.119140625 0.400390625 0.037109375 0.017578125
4 0.234375 0.40234375 0.033203125 0.017578125
5 0.291015625 0.404296875 0.01953125 0.02734375
5 0.33984375 0.40625 0.01953125 0.025390625