0 0.23234953703703703 0.208984375 0.04644097222222221 0.041015625
1 0.3515625 0.2109375 0.0405092592592593 0.0390625
4 0.5867332175925926 0.28515625 0.0556278935185186 0.025390625
3 0.23697916666666669 0.28125 0.06148726851851849 0.025390625
3 0.8152488425925926 0.28515625 0.0595341435185186 0.025390625
5 0.7018952546296295 0.283203125 0.03110532407407396 0.048828125
2 0.466796875 0.2109375 0.0424623842592593 0.0390625
4 0.47135416666666663 0.28125 0.0595341435185186 0.025390625
5 0.3541666666666667 0.28125 0.03110532407407407 0.048828125
6 0.583984375 0.2109375 0.0424623842592593 0.0390625
7 0.699291087962963 0.212890625 0.04253472222222232 0.041015625
8 0.8145978009259259 0.21484375 0.0424623842592593 0.0390625