7 0.8530815972222222 0.42450810185185184 0.01620370370370372 0.020341435185185164
3 0.7838107638888889 0.4560185185185185 0.01993634259259247 0.0146846064814814
4 0.8169560185185185 0.45578703703703705 0.02384259259259247 0.014887152777777746
8 0.8939814814814815 0.422728587962963 0.020167824074074137 0.02249710648148151
0 0.7207899305555556 0.4351996527777778 0.014134837962962887 0.016333912037037046
2 0.7811053240740741 0.43052662037037037 0.01620370370370372 0.020341435185185164
6 0.8161458333333333 0.42844328703703705 0.01815682870370372 0.020442708333333393
1 0.7500289351851852 0.43476562500000004 0.01620370370370372 0.020341435185185164
5 0.7234375 0.45873842592592595 0.014308449074074137 0.022193287037036935
4 0.8559027777777777 0.45390625 0.02384259259259247 0.014887152777777746
5 0.8948495370370371 0.452025462962963 0.014366319444444553 0.024146412037037046
3 0.7526765046296295 0.45830439814814816 0.01798321759259247 0.014583333333333393