5 0.2616898148148148 0.38342013888888893 0.014482060185185164 0.02795138888888893
3 0.36302083333333335 0.37109375 0.031770833333333304 0.018967013888888884
8 0.5449363425925926 0.3062934027777778 0.028153935185185164 0.028559027777777746
6 0.4202835648148148 0.3235677083333333 0.022178819444444442 0.024392361111111094
3 0.31040219907407407 0.37734375 0.027864583333333304 0.018793402777777857
3 0.4195457175925926 0.3646701388888889 0.031770833333333304 0.018967013888888884
7 0.4806568287037037 0.3150173611111111 0.024247685185185164 0.028385416666666607
5 0.5463252314814815 0.3531684027777778 0.022410300925925997 0.032204861111111094
4 0.4819878472222222 0.3599392361111111 0.031770833333333304 0.018967013888888884
0 0.2566261574074074 0.34453125 0.022178819444444442 0.024392361111111094
2 0.36180555555555555 0.330078125 0.022178819444444442 0.024392361111111094
1 0.30924479166666663 0.33828125 0.022294560185185164 0.028298611111111205