3 0.16186342592592592 0.35040509259259256 0.028052662037037046 0.0146846064814814
4 0.22826967592592592 0.35286458333333337 0.035865162037037046 0.01497395833333326
4 0.29076967592592595 0.35517939814814814 0.035865162037036935 0.01497395833333326
3 0.48217592592592595 0.3622685185185185 0.035865162037036935 0.01497395833333326
8 0.48615451388888886 0.3232783564814815 0.024652777777777857 0.02430555555555558
6 0.35724826388888886 0.31850405092592593 0.024652777777777857 0.02430555555555558
0 0.1658420138888889 0.3114149305555556 0.0246527777777778 0.02430555555555558
2 0.29279513888888886 0.31611689814814814 0.028559027777777857 0.02445023148148151
7 0.41984953703703703 0.31886574074074076 0.024855324074074092 0.02821180555555558
1 0.2283420138888889 0.31372974537037035 0.0246527777777778 0.02430555555555558
5 0.41977719907407407 0.3580005787037037 0.023104745370370328 0.03204571759259256
5 0.35337094907407407 0.35554108796296297 0.023104745370370328 0.03204571759259256