0 0.4874131944444444 0.3404947916666667 0.037630208333333304 0.03653067129629628
1 0.5675202546296296 0.34150752314814814 0.03366608796296289 0.03247974537037035
2 0.6475983796296296 0.34447337962962965 0.033695023148148096 0.03443287037037046
6 0.7276765046296296 0.3474392361111111 0.03366608796296289 0.03247974537037035
7 0.8097366898148148 0.3485243055555556 0.03168402777777768 0.03045428240740744
8 0.8898148148148148 0.35149016203703703 0.03559027777777768 0.03059895833333337
3 0.488671875 0.38744212962962965 0.04532696759259269 0.02900752314814814
4 0.566796875 0.39033564814814814 0.04524016203703707 0.02314814814814814
4 0.648828125 0.39337384259259256 0.051128472222222276 0.02531828703703698
5 0.726953125 0.3962673611111111 0.02596932870370372 0.04000289351851849
5 0.808984375 0.3993055555555556 0.023987268518518512 0.03797743055555558
3 0.8910445601851852 0.400390625 0.043315972222222276 0.02502893518518512