4 0.20151909722222222 0.3516927083333333 0.042751736111111105 0.020442708333333393
3 0.525390625 0.34058159722222225 0.04665798611111116 0.020529513888888795
4 0.2796440972222223 0.3499565972222222 0.04275173611111116 0.02044270833333328
3 0.12144097222222222 0.3534722222222222 0.042751736111111105 0.020442708333333393
8 0.5210503472222222 0.2917534722222222 0.03385416666666674 0.029991319444444442
6 0.3569878472222222 0.29539930555555555 0.03190104166666674 0.02994791666666663
5 0.36150173611111114 0.3461805555555556 0.024609375000000044 0.03563368055555549
5 0.443359375 0.3424045138888889 0.02282986111111107 0.03754340277777779
7 0.4388454861111111 0.2916232638888889 0.03402777777777777 0.03194444444444444
0 0.11514756944444444 0.3046875 0.03385416666666666 0.029991319444444442
1 0.1968315972222222 0.2989583333333333 0.03190104166666663 0.02994791666666663
2 0.2769097222222222 0.29717881944444446 0.03385416666666674 0.029991319444444442