1 0.42556423611111116 0.23213252314814814 0.032031249999999956 0.03677662037037033
0 0.33784722222222224 0.24450231481481483 0.03194444444444444 0.03287037037037033
4 0.4268663194444444 0.29072627314814814 0.04930555555555549 0.02401620370370372
3 0.7273003472222223 0.25950520833333335 0.059114583333333304 0.02647569444444442
4 0.8404079861111111 0.24581886574074074 0.055208333333333304 0.026273148148148184
3 0.5224392361111111 0.27990451388888893 0.053255208333333304 0.026171874999999956
2 0.519140625 0.21945891203703705 0.035937499999999956 0.036979166666666674
7 0.7277777777777777 0.19299768518518517 0.04188368055555558 0.04118923611111114
5 0.6219618055555556 0.2708333333333333 0.028255208333333393 0.04243344907407409
6 0.6205295138888889 0.20638020833333331 0.03602430555555558 0.040885416666666674
8 0.8408420138888889 0.17735821759259257 0.04188368055555558 0.04118923611111114
5 0.33715277777777775 0.30124421296296294 0.02235243055555558 0.04017650462962963