3 0.240234375 0.40234375 0.025390625 0.01171875
4 0.29296875 0.40234375 0.02734375 0.01171875
3 0.501953125 0.40234375 0.02734375 0.01171875
4 0.345703125 0.40234375 0.02734375 0.01171875
8 0.501953125 0.37109375 0.021484375 0.021484375
0 0.23828125 0.37109375 0.021484375 0.021484375
6 0.396484375 0.37109375 0.01953125 0.021484375
7 0.44921875 0.37109375 0.021484375 0.021484375
5 0.39453125 0.40234375 0.015625 0.025390625
5 0.44921875 0.40234375 0.015625 0.025390625
2 0.34375 0.37109375 0.025390625 0.021484375
2 0.29296875 0.37109375 0.021484375 0.021484375