3 0.4969618055555556 0.39576099537037035 0.044357638888888884 0.01880787037037046
3 0.9010850694444444 0.42375578703703703 0.04470486111111116 0.02271412037037035
4 0.6571180555555556 0.4076244212962963 0.040451388888888884 0.0185185185185186
4 0.5789930555555556 0.4018373842592593 0.040451388888888884 0.0185185185185186
1 0.5767795138888889 0.35510706018518523 0.03172743055555571 0.02951388888888884
5 0.7391493055555556 0.41370081018518523 0.02673611111111107 0.03884548611111116
8 0.8967447916666667 0.3749276620370371 0.03172743055555549 0.02951388888888884
6 0.7348090277777778 0.36487268518518523 0.03190104166666674 0.03146701388888884
7 0.8164930555555556 0.36704282407407407 0.03190104166666652 0.03146701388888884
0 0.49474826388888893 0.3490306712962963 0.03563368055555549 0.0298032407407407
5 0.8192274305555556 0.41963252314814814 0.02282986111111107 0.0385561342592593
2 0.6547309027777778 0.3589409722222222 0.03190104166666674 0.03146701388888884