4 0.4092158564814815 0.2966579861111111 0.046310763888888884 0.02510127314814814
6 0.7115306712962963 0.19386574074074073 0.04528356481481488 0.040653935185185175
7 0.8317129629629629 0.171875 0.04723668981481488 0.04072627314814814
3 0.4994068287037037 0.2874710648148148 0.050217013888888884 0.02524594907407407
3 0.8253616898148148 0.24616608796296297 0.07009548611111116 0.03182870370370372
5 0.9591001157407407 0.22562210648148148 0.038281250000000044 0.054036458333333315
2 0.6014612268518518 0.20963541666666666 0.04528356481481488 0.040653935185185175
1 0.5050636574074074 0.22489872685185186 0.035286458333333215 0.03638599537037035
5 0.5976417824074074 0.27408854166666663 0.031843171296296324 0.04405381944444442
0 0.414525462962963 0.23994502314814814 0.037123842592592604 0.03450520833333337
4 0.7075954861111111 0.2602719907407407 0.056076388888888884 0.02546296296296302
8 0.9633825231481481 0.15335648148148148 0.0513744212962961 0.04477719907407407