4 0.6443865740740741 0.283203125 0.05484664351851842 0.021484375
3 0.04675925925925926 0.279296875 0.060691550925925916 0.01953125
3 0.5252604166666667 0.28125 0.06069155092592582 0.01953125
4 0.17174479166666667 0.28125 0.060706018518518534 0.021484375
5 0.2908854166666667 0.28125 0.029557291666666652 0.03515625
5 0.4080729166666667 0.28125 0.03153935185185186 0.0390625
8 0.6408564814814814 0.232421875 0.04322916666666665 0.03515625
1 0.18385416666666665 0.228515625 0.04713541666666665 0.03515625
7 0.5236979166666667 0.228515625 0.03927951388888884 0.029296875
0 0.06472800925925926 0.2265625 0.041290509259259256 0.037109375
2 0.29713541666666665 0.228515625 0.041247106481481444 0.03125
6 0.41236979166666665 0.228515625 0.03927951388888884 0.029296875