5 0.3046875 0.39453125 0.015625 0.025390625
8 0.578125 0.369140625 0.01953125 0.021484375
5 0.41796875 0.396484375 0.015625 0.025390625
4 0.52734375 0.400390625 0.02734375 0.01171875
2 0.41796875 0.36328125 0.021484375 0.021484375
1 0.36328125 0.36328125 0.021484375 0.021484375
3 0.361328125 0.39453125 0.02734375 0.015625
0 0.302734375 0.359375 0.025390625 0.025390625
6 0.47265625 0.36328125 0.021484375 0.021484375
3 0.576171875 0.40234375 0.02734375 0.015625
7 0.525390625 0.365234375 0.01953125 0.01953125
4 0.47265625 0.3984375 0.03125 0.015625
8 0.005859375 0.43359375 0.01171875 0.01953125
5 0.041015625 0.466796875 0.01953125 0.015625
3 0.06640625 0.46875 0.015625 0.01171875
0 0.056640625 0.466796875 0.01953125 0.009765625