5 0.255859375 0.396484375 0.01171875 0.025390625
3 0.34765625 0.388671875 0.02734375 0.015625
8 0.51171875 0.337890625 0.025390625 0.025390625
6 0.400390625 0.34765625 0.01953125 0.021484375
3 0.30078125 0.392578125 0.025390625 0.015625
3 0.3984375 0.38671875 0.02734375 0.015625
7 0.455078125 0.34375 0.021484375 0.025390625
5 0.51171875 0.37890625 0.01953125 0.02734375
4 0.455078125 0.3828125 0.02734375 0.015625
0 0.25390625 0.361328125 0.01953125 0.021484375
2 0.34765625 0.3515625 0.01953125 0.021484375
1 0.30078125 0.35546875 0.01953125 0.025390625