3 0.3892071759259259 0.24461805555555555 0.07099247685185195 0.02640335648148151
4 0.7749855324074074 0.24868344907407408 0.06163194444444442 0.03016493055555558
4 0.6515335648148148 0.24660011574074073 0.06358506944444442 0.030193865740740733
5 0.5222222222222223 0.24460358796296297 0.038469328703703676 0.05127314814814815
3 0.8941261574074074 0.24691840277777777 0.06708622685185195 0.026345486111111094
2 0.5123697916666666 0.16846064814814815 0.049175347222222276 0.041681134259259234
0 0.24377893518518517 0.1626591435185185 0.05348668981481486 0.04564525462962965
6 0.641478587962963 0.1685040509259259 0.049175347222222276 0.041681134259259234
1 0.3828559027777778 0.1645109953703704 0.04958043981481475 0.045587384259259234
5 0.2542390046296297 0.24466145833333333 0.038469328703703676 0.05127314814814815
8 0.8903356481481481 0.1726417824074074 0.049175347222222276 0.041681134259259234
7 0.7649305555555556 0.17058738425925926 0.045269097222222276 0.04162326388888887