4 0.21879340277777778 0.359765625 0.04535590277777779 0.020862268518518468
4 0.13676215277777778 0.3573350694444445 0.04926215277777779 0.0209780092592593
5 0.3008246527777778 0.3621961805555556 0.020312499999999956 0.03573495370370372
3 0.052821180555555555 0.35679976851851847 0.04526909722222222 0.016956018518518468
5 0.3848090277777778 0.3646846064814815 0.020312499999999956 0.03573495370370372
3 0.4687934027777778 0.3671730324074074 0.045442708333333304 0.024768518518518468
2 0.21575520833333334 0.3108796296296296 0.029947916666666685 0.03016493055555558
6 0.29973958333333334 0.3133680555555556 0.02994791666666663 0.03016493055555558
7 0.38168402777777777 0.31189236111111107 0.02994791666666674 0.03016493055555558
0 0.04973958333333334 0.30596064814814816 0.03385416666666666 0.030280671296296302
8 0.46762152777777777 0.3144386574074074 0.03385416666666674 0.030280671296296302
1 0.13567708333333334 0.30850694444444443 0.029947916666666685 0.03016493055555558