3 0.552734375 0.353515625 0.04296875 0.01953125
3 0.16015625 0.353515625 0.04296875 0.01953125
4 0.236328125 0.353515625 0.041015625 0.01953125
4 0.314453125 0.353515625 0.041015625 0.01953125
0 0.15625 0.3046875 0.03125 0.02734375
7 0.47265625 0.302734375 0.02734375 0.025390625
5 0.47265625 0.3515625 0.021484375 0.03515625
8 0.5546875 0.302734375 0.02734375 0.025390625
6 0.39453125 0.3046875 0.025390625 0.02734375
5 0.39453125 0.3515625 0.021484375 0.03515625
1 0.236328125 0.3046875 0.02734375 0.02734375
2 0.314453125 0.3046875 0.02734375 0.02734375