4 0.013671875 0.34765625 0.02734375 0.01953125
3 0.33984375 0.349609375 0.041015625 0.01953125
4 0.259765625 0.349609375 0.04296875 0.01953125
3 0.08984375 0.34765625 0.04296875 0.021484375
6 0.2578125 0.30078125 0.02734375 0.02734375
5 0.17578125 0.34765625 0.021484375 0.03515625
7 0.33984375 0.30078125 0.02734375 0.02734375
5 0.419921875 0.3515625 0.021484375 0.03515625
1 0.08984375 0.298828125 0.03125 0.02734375
2 0.17578125 0.296875 0.03125 0.03125
8 0.421875 0.3046875 0.03125 0.02734375
0 0.01171875 0.296875 0.0234375 0.03125