1 0.4303240740740741 0.40490451388888893 0.02068865740740744 0.02039930555555558
7 0.5748553240740741 0.411328125 0.02068865740740744 0.02039930555555558
8 0.6256365740740741 0.41358506944444445 0.02068865740740744 0.02039930555555558
2 0.4771990740740741 0.40698784722222225 0.02459490740740744 0.020572916666666607
0 0.3795428240740741 0.40264756944444446 0.02459490740740744 0.020572916666666607
6 0.5279803240740741 0.40924479166666666 0.02068865740740744 0.02039930555555558
5 0.621947337962963 0.4427951388888889 0.018967013888888884 0.024218749999999956
3 0.47534722222222225 0.43823784722222225 0.028153935185185164 0.014887152777777857
4 0.5261284722222223 0.44049479166666666 0.028153935185185164 0.014887152777777746
4 0.3796440972222222 0.433984375 0.028038194444444442 0.012934027777777857
5 0.575072337962963 0.44071180555555556 0.015060763888888884 0.02404513888888893
3 0.42651909722222225 0.4360677083333333 0.028153935185185164 0.014887152777777857