4 0.767578125 0.35546875 0.041015625 0.01953125
1 0.5390625 0.298828125 0.02734375 0.02734375
5 0.6171875 0.3515625 0.021484375 0.03515625
2 0.6171875 0.30078125 0.02734375 0.02734375
4 0.5390625 0.349609375 0.041015625 0.01953125
5 0.45703125 0.345703125 0.021484375 0.03515625
3 0.693359375 0.353515625 0.04296875 0.01953125
0 0.45703125 0.294921875 0.03125 0.02734375
7 0.767578125 0.30859375 0.02734375 0.02734375
3 0.83984375 0.357421875 0.03515625 0.015625
6 0.693359375 0.3046875 0.025390625 0.02734375
8 0.83984375 0.310546875 0.02734375 0.02734375