3 0.4911603009259259 0.35857928240740744 0.032060185185185164 0.01793981481481488
3 0.20991030092592594 0.3794126157407407 0.028153935185185164 0.01765046296296302
4 0.2665509259259259 0.37521701388888884 0.028153935185185164 0.01765046296296302
4 0.3231915509259259 0.37102141203703703 0.028153935185185164 0.01765046296296291
8 0.49483506944444444 0.3252314814814815 0.022598379629629628 0.02307581018518512
6 0.38155381944444444 0.3336226851851852 0.022598379629629628 0.02307581018518523
2 0.32296006944444444 0.3379629629629629 0.026504629629629628 0.02336516203703698
0 0.21163194444444444 0.3462094907407407 0.022598379629629628 0.02307581018518512
5 0.4364728009259259 0.36263020833333337 0.017042824074074092 0.02850115740740744
7 0.43819444444444444 0.32942708333333337 0.022598379629629628 0.02307581018518512
5 0.3798321759259259 0.3668258101851852 0.017042824074074092 0.02850115740740744
1 0.26827256944444444 0.34201388888888884 0.022598379629629628 0.02307581018518512