7 0.8326388888888889 0.32110821759259256 0.02167245370370363 0.026027199074074137
2 0.7252314814814815 0.32624421296296297 0.02361111111111125 0.024131944444444442
5 0.8875578703703704 0.35073784722222223 0.01779513888888884 0.029817708333333304
6 0.7799045138888889 0.3226707175925926 0.02362557870370363 0.026085069444444442
3 0.674681712962963 0.3589988425925926 0.03139467592592604 0.020457175925925997
1 0.6764178240740741 0.3296440972222222 0.02557870370370363 0.026142939814814747
8 0.8892650462962963 0.31747685185185187 0.02361111111111125 0.024131944444444442
5 0.8348234953703704 0.35230034722222225 0.01974826388888884 0.02987557870370372
4 0.780150462962963 0.3558738425925926 0.033333333333333215 0.018561921296296302
3 0.725462962962963 0.35749421296296297 0.031380208333333215 0.018504050925925886
4 0.6239149305555556 0.36245659722222223 0.027459490740740833 0.016435185185185164
0 0.6236834490740741 0.33120659722222223 0.02557870370370363 0.026142939814814747