0 0.333984375 0.2578125 0.03515625 0.041015625
1 0.421875 0.24609375 0.037109375 0.04296875
2 0.515625 0.232421875 0.04296875 0.04296875
6 0.62109375 0.21484375 0.041015625 0.044921875
7 0.740234375 0.197265625 0.046875 0.044921875
8 0.876953125 0.18359375 0.048828125 0.05078125
4 0.3359375 0.31640625 0.048828125 0.03515625
3 0.421875 0.310546875 0.04296875 0.02734375
5 0.515625 0.298828125 0.03125 0.046875
4 0.623046875 0.28515625 0.052734375 0.03125
3 0.7421875 0.275390625 0.0625 0.03125
5 0.876953125 0.2578125 0.0390625 0.060546875