3 0.94921875 0.236328125 0.078125 0.02734375
4 0.806640625 0.234375 0.068359375 0.03125
5 0.517578125 0.234375 0.03515625 0.056640625
4 0.6640625 0.234375 0.072265625 0.03125
3 0.373046875 0.234375 0.072265625 0.03125
5 0.2265625 0.232421875 0.03515625 0.05859375
0 0.2265625 0.146484375 0.052734375 0.04296875
2 0.517578125 0.146484375 0.052734375 0.04296875
6 0.662109375 0.146484375 0.05078125 0.04296875
1 0.373046875 0.146484375 0.046875 0.04296875
7 0.80859375 0.1484375 0.052734375 0.046875
8 0.94921875 0.1484375 0.05078125 0.046875