3 0.6345486111111112 0.35846354166666666 0.03103298611111116 0.01692708333333337
5 0.5852864583333333 0.35672743055555556 0.01888020833333348 0.029991319444444442
4 0.6820746527777778 0.36223958333333334 0.02712673611111116 0.016753472222222232
4 0.5303819444444444 0.3572048611111111 0.03103298611111116 0.01692708333333337
5 0.4691840277777778 0.3540364583333333 0.02278645833333326 0.03016493055555558
2 0.5792100694444444 0.31970486111111107 0.02625868055555558 0.026432291666666607
1 0.5256076388888888 0.31423611111111116 0.02604166666666652 0.024479166666666607
7 0.6779513888888888 0.32513020833333334 0.02213541666666652 0.02430555555555558
3 0.7274305555555556 0.3641493055555556 0.02517361111111116 0.016666666666666607
6 0.6325954861111112 0.3232204861111111 0.02213541666666652 0.02430555555555558
8 0.7235243055555556 0.3289930555555556 0.01822916666666652 0.024131944444444553
0 0.4644097222222222 0.3110677083333333 0.02799479166666674 0.024565972222222232