3 0.66796875 0.29296875 0.052734375 0.025390625
4 0.33203125 0.291015625 0.056640625 0.025390625
5 0.5546875 0.29296875 0.02734375 0.046875
1 0.21484375 0.22265625 0.041015625 0.037109375
2 0.330078125 0.22265625 0.041015625 0.037109375
0 0.09765625 0.21875 0.041015625 0.037109375
4 0.443359375 0.29296875 0.056640625 0.02734375
5 0.21484375 0.2890625 0.02734375 0.046875
3 0.099609375 0.291015625 0.056640625 0.025390625
6 0.44140625 0.22265625 0.041015625 0.037109375
7 0.5546875 0.22265625 0.041015625 0.041015625
8 0.66796875 0.224609375 0.041015625 0.037109375