4 0.7380208333333333 0.325 0.05334201388888893 0.030859375000000022
4 0.6267361111111112 0.315625 0.057161458333333304 0.027213541666666674
2 0.5131510416666667 0.23372395833333334 0.04184027777777777 0.03984375000000001
0 0.273046875 0.21184895833333334 0.04388020833333339 0.04388020833333334
6 0.6283420138888889 0.24335937500000002 0.03802083333333339 0.04348958333333336
5 0.5134548611111112 0.30807291666666664 0.028298611111110983 0.044791666666666674
3 0.3924913194444445 0.294140625 0.06115451388888893 0.031380208333333326
1 0.394140625 0.219921875 0.04192708333333339 0.043749999999999956
5 0.2734375 0.28229166666666666 0.02838541666666672 0.048697916666666674
3 0.8513020833333333 0.33255208333333336 0.057161458333333304 0.027213541666666674
7 0.7395833333333333 0.2546875 0.04192708333333339 0.043749999999999956
8 0.8528211805555556 0.2641927083333333 0.03802083333333339 0.043489583333333304
8 0.005935329861111111 0.4013020833333333 0.011870659722222222 0.024348958333333393