0 0.34153645833333335 0.36652199074074077 0.025130208333333348 0.026779513888888884
1 0.39791666666666664 0.3659722222222222 0.023307291666666674 0.028616898148148162
2 0.454296875 0.3654224537037037 0.027083333333333348 0.026895254629629606
6 0.51640625 0.3632667824074074 0.025260416666666785 0.028732638888888884
7 0.5768229166666667 0.3649016203703704 0.027213541666666785 0.028848379629629606
8 0.6449218750000001 0.36504629629629626 0.031119791666666785 0.02907986111111116
4 0.34401041666666665 0.40363136574074077 0.03255208333333326 0.02138310185185177
3 0.3984375 0.4029658564814815 0.03450520833333337 0.021498842592592604
5 0.4588541666666667 0.40460069444444446 0.025651041666666652 0.034592013888888884
4 0.5173177083333333 0.4061197916666667 0.034635416666666696 0.023451967592592604
3 0.5796874999999999 0.4078703703703703 0.03841145833333348 0.021730324074074048
5 0.64765625 0.40606192129629626 0.021614583333333215 0.03240740740740744