3 0.42701099537037035 0.35814525462962965 0.04311342592592593 0.01984953703703707
4 0.34693287037037035 0.3587384259259259 0.04311342592592593 0.01984953703703707
3 0.17508680555555556 0.356105324074074 0.04506655092592593 0.019864004629629672
4 0.09110243055555556 0.35672743055555556 0.04506655092592593 0.019864004629629672
6 0.3473234953703703 0.306004050925926 0.02948495370370363 0.02560763888888884
7 0.4273871527777778 0.30736400462962965 0.02951388888888884 0.02951388888888884
2 0.26140046296296293 0.3046875 0.03342013888888884 0.029542824074074048
1 0.17741608796296296 0.30530960648148153 0.029513888888888895 0.02951388888888884
5 0.5109953703703703 0.3575231481481481 0.023683449074074048 0.03337673611111103
5 0.26102430555555556 0.35546875 0.023683449074074048 0.03337673611111114
0 0.08953993055555556 0.30400752314814816 0.035373263888888895 0.029557291666666652
8 0.5113570601851852 0.3086950231481481 0.02948495370370363 0.02560763888888884