4 0.33984375 0.388671875 0.03125 0.015625
4 0.28125 0.388671875 0.03125 0.015625
3 0.22265625 0.390625 0.03125 0.01171875
3 0.51953125 0.388671875 0.03125 0.015625
6 0.3984375 0.3515625 0.021484375 0.021484375
8 0.51953125 0.3515625 0.025390625 0.021484375
0 0.220703125 0.35546875 0.021484375 0.021484375
1 0.28125 0.353515625 0.025390625 0.025390625
5 0.3984375 0.388671875 0.015625 0.02734375
2 0.33984375 0.353515625 0.025390625 0.025390625
7 0.45703125 0.3515625 0.021484375 0.021484375
5 0.45703125 0.388671875 0.015625 0.02734375