3 0.314453125 0.263671875 0.05859375 0.021484375
3 0.55859375 0.265625 0.0625 0.01953125
4 0.80078125 0.26953125 0.05859375 0.01953125
4 0.91796875 0.26953125 0.056640625 0.01953125
5 0.439453125 0.265625 0.03515625 0.037109375
5 0.6796875 0.267578125 0.03515625 0.03515625
8 0.900390625 0.220703125 0.04296875 0.02734375
1 0.44140625 0.216796875 0.04296875 0.02734375
2 0.556640625 0.216796875 0.04296875 0.02734375
7 0.783203125 0.220703125 0.041015625 0.02734375
0 0.322265625 0.21484375 0.04296875 0.025390625
6 0.669921875 0.21875 0.041015625 0.025390625