4 0.4869646990740741 0.4126302083333333 0.038932291666666674 0.020052083333333304
4 0.5611834490740741 0.417578125 0.038932291666666785 0.020052083333333304
3 0.7057146990740741 0.4272135416666667 0.038932291666666785 0.020052083333333304
3 0.3422309027777778 0.40104166666666663 0.038932291666666674 0.020052083333333304
1 0.40983796296296293 0.3609375 0.02977430555555549 0.025260416666666563
0 0.33757233796296293 0.3561197916666667 0.02977430555555549 0.025260416666666674
5 0.4144965277777778 0.405859375 0.02256944444444442 0.03059895833333326
5 0.6334490740740741 0.4223958333333333 0.022974537037037113 0.03450520833333326
7 0.6287905092592593 0.37747395833333336 0.030179398148148184 0.029166666666666674
2 0.4823061342592593 0.3677083333333333 0.032132523148148184 0.029296875
8 0.7030092592592593 0.382421875 0.030179398148148184 0.029166666666666563
6 0.5545717592592593 0.37252604166666664 0.030179398148148184 0.029166666666666674