4 0.2723524305555556 0.32445023148148144 0.04181134259259256 0.02391493055555549
4 0.6212384259259259 0.2842013888888889 0.0478153935185186 0.028168402777777768
8 0.6189236111111112 0.2217013888888889 0.03645833333333348 0.037239583333333326
3 0.35033275462962965 0.31591435185185185 0.04173900462962954 0.021961805555555602
6 0.4339554398148148 0.24832175925925926 0.03240740740740744 0.03310185185185188
5 0.43605324074074076 0.30496238425925926 0.02285879629629628 0.03838252314814816
1 0.2684461805555556 0.2718315972222222 0.0264033564814814 0.028848379629629606
7 0.521556712962963 0.23530092592592594 0.03240740740740744 0.03310185185185188
3 0.5257523148148149 0.29573206018518516 0.0536747685185186 0.028515625000000044
2 0.3482349537037037 0.25927372685185185 0.02850115740740744 0.03287037037037033
5 0.19437210648148148 0.3329861111111111 0.020833333333333315 0.03631365740740744
0 0.19241898148148148 0.2802517361111111 0.032407407407407385 0.03310185185185177