4 0.5718460648148148 0.34157986111111116 0.05095486111111103 0.02531828703703698
3 0.25946180555555554 0.3143807870370371 0.05878182870370374 0.02756076388888884
6 0.47274305555555557 0.26953125 0.03346354166666665 0.03638599537037035
4 0.4742332175925926 0.33210358796296297 0.05096932870370363 0.02727141203703709
0 0.14085648148148147 0.23770254629629628 0.04130497685185186 0.04058159722222221
2 0.3673177083333333 0.259765625 0.03541666666666665 0.03645833333333337
5 0.3688078703703703 0.32233796296296297 0.025723379629629672 0.04586226851851849
1 0.2599537037037037 0.24797453703703703 0.03935185185185186 0.0405092592592593
7 0.5723234953703704 0.2771267361111111 0.03346354166666665 0.03638599537037035
3 0.6675202546296297 0.3490306712962963 0.04900173611111125 0.02524594907407407
5 0.14036458333333335 0.3041087962962963 0.029629629629629672 0.04600694444444442
8 0.669921875 0.28855613425925924 0.03344907407407405 0.03443287037037035