0 0.279296875 0.291015625 0.029296875 0.033203125
4 0.279296875 0.34375 0.03515625 0.02734375
1 0.3515625 0.283203125 0.029296875 0.037109375
3 0.3515625 0.3359375 0.041015625 0.0234375
2 0.4296875 0.271484375 0.033203125 0.0390625
5 0.427734375 0.328125 0.0234375 0.044921875
4 0.517578125 0.318359375 0.04296875 0.03125
6 0.515625 0.259765625 0.03515625 0.037109375
7 0.609375 0.248046875 0.0390625 0.0390625
8 0.712890625 0.236328125 0.041015625 0.044921875
3 0.607421875 0.3125 0.05078125 0.03125
5 0.712890625 0.30078125 0.03125 0.05078125