4 0.7843460648148148 0.20804398148148148 0.06597222222222232 0.032638888888888884
3 0.3618634259259259 0.2182002314814815 0.07398726851851856 0.036950231481481466
4 0.6474247685185186 0.21122685185185186 0.06987847222222232 0.03284143518518523
5 0.5065972222222223 0.2146122685185185 0.036038773148148184 0.056409143518518556
3 0.919212962962963 0.20300925925925925 0.07008101851851856 0.036747685185185175
5 0.21322337962962962 0.2219907407407407 0.03819444444444442 0.060416666666666674
2 0.5020399305555555 0.1267216435185185 0.05526620370370372 0.051562499999999956
6 0.6429687500000001 0.12528935185185186 0.05115740740740726 0.04745370370370372
0 0.2068142361111111 0.13615451388888888 0.054962384259259256 0.04570312500000001
1 0.3593605324074074 0.13216145833333331 0.05135995370370372 0.05135995370370372
8 0.9167100694444444 0.1169704861111111 0.047251157407407485 0.04725115740740743
7 0.7817418981481481 0.12005208333333334 0.05115740740740726 0.04745370370370372