3 0.49920428240740744 0.2828414351851852 0.06242766203703698 0.025839120370370394
2 0.4935619212962963 0.20666956018518517 0.04405381944444442 0.041319444444444464
3 0.2568721064814815 0.2790943287037037 0.06076388888888884 0.02973090277777779
4 0.8549623842592593 0.28938078703703707 0.0565682870370372 0.025795717592592693
1 0.3685619212962963 0.20574363425925926 0.04434317129629628 0.045225694444444464
4 0.7376302083333333 0.2865596064814815 0.06076388888888884 0.02973090277777779
5 0.6184895833333334 0.2856770833333333 0.03291377314814814 0.04904513888888884
0 0.24131944444444448 0.20089699074074074 0.05215567129629628 0.045283564814814825
5 0.3779658564814815 0.27999131944444444 0.03682002314814814 0.04907407407407405
6 0.6166087962962963 0.2075810185185185 0.04405381944444442 0.041319444444444464
7 0.7417534722222222 0.21046006944444445 0.04434317129629628 0.045225694444444464
8 0.8629918981481481 0.21331018518518519 0.04405381944444442 0.041319444444444464