3 0.45703125 0.4228877314814815 0.042187500000000044 0.018793402777777857
4 0.6721354166666667 0.4331597222222222 0.040234375000000044 0.01873553240740744
4 0.6015625 0.4271701388888889 0.040234375000000044 0.01873553240740744
8 0.743359375 0.39043692129629626 0.029036458333333348 0.026200810185185164
5 0.38671875 0.4208043981481482 0.023567708333333326 0.03188657407407414
3 0.7444010416666667 0.43530092592592595 0.036328125000000044 0.018619791666666607
6 0.6006510416666666 0.3842592592592593 0.027213541666666785 0.028096064814814747
2 0.5283854166666666 0.38211805555555556 0.029166666666666785 0.028153935185185164
1 0.45611979166666666 0.3799768518518518 0.029166666666666674 0.028153935185185164
5 0.53125 0.42508680555555556 0.023567708333333437 0.03188657407407414
0 0.38385416666666666 0.3778356481481482 0.029036458333333348 0.026200810185185164
7 0.673046875 0.38835358796296293 0.030989583333333348 0.02625868055555558
8 0.10559895833333334 0.47290219907407405 0.015104166666666669 0.021889467592592693
8 0.037369791666666666 0.47282986111111114 0.012369791666666671 0.03935185185185186
8 0.058984375 0.47541956018518516 0.01601562499999999 0.03556134259259258
8 0.08190104166666667 0.4683015046296296 0.010677083333333337 0.01396122685185186
8 0.09557291666666666 0.4687065972222222 0.01901041666666667 0.022005208333333304
8 0.060416666666666674 0.4676649305555556 0.010677083333333337 0.01396122685185186