8 0.98828125 0.14453125 0.021484375 0.03125
4 0.712890625 0.2265625 0.068359375 0.03125
5 0.560546875 0.224609375 0.03515625 0.056640625
5 0.26171875 0.22265625 0.037109375 0.05859375
3 0.412109375 0.228515625 0.07421875 0.03125
4 0.857421875 0.228515625 0.072265625 0.03125
0 0.26171875 0.142578125 0.052734375 0.03515625
3 0.984375 0.228515625 0.03125 0.03125
2 0.55859375 0.142578125 0.05078125 0.03515625
1 0.412109375 0.142578125 0.05078125 0.03515625
6 0.708984375 0.142578125 0.05078125 0.03515625
7 0.857421875 0.142578125 0.046875 0.03515625