4 0.5839409722222222 0.33916377314814816 0.04861111111111116 0.020225694444444442
3 0.40264756944444446 0.3325665509259259 0.05251736111111116 0.020283564814814747
1 0.4092881944444444 0.2798611111111111 0.032248263888888795 0.03363715277777779
5 0.30889756944444446 0.331177662037037 0.02673611111111107 0.037456597222222276
7 0.6766927083333334 0.2857783564814815 0.03190104166666652 0.02973090277777779
5 0.4944444444444444 0.33392650462962964 0.03081597222222221 0.03946759259259258
3 0.7595486111111112 0.3437210648148148 0.048958333333333215 0.024131944444444442
4 0.6718315972222222 0.3404658564814815 0.04470486111111116 0.020167824074074026
8 0.7642361111111111 0.2909866898148148 0.03580729166666674 0.029788773148148096
6 0.5888020833333334 0.28447627314814816 0.03580729166666652 0.029788773148148096
2 0.4991319444444445 0.2811921296296296 0.036154513888888906 0.033695023148148096
0 0.3139322916666667 0.274537037037037 0.03971354166666674 0.029846643518518512
8 0.02356770833333333 0.4169126157407408 0.015407986111111112 0.019733796296296235
8 0.004003906249999998 0.4243489583333333 0.008007812499999996 0.03932291666666665
8 0.00022786458333333426 0.41633391203703707 0.0004557291666666685 0.02973090277777768
8 0.0069769965277777755 0.4127170138888889 0.013953993055555551 0.017838541666666652