2 0.705078125 0.41015625 0.015625 0.017578125
4 0.767578125 0.427734375 0.01953125 0.013671875
7 0.767578125 0.40234375 0.015625 0.01953125
3 0.705078125 0.431640625 0.017578125 0.013671875
3 0.677734375 0.435546875 0.01953125 0.013671875
5 0.654296875 0.435546875 0.009765625 0.017578125
6 0.736328125 0.40625 0.013671875 0.017578125
8 0.80078125 0.3984375 0.015625 0.01953125
0 0.654296875 0.416015625 0.01171875 0.01953125
1 0.677734375 0.4140625 0.015625 0.017578125
4 0.736328125 0.4296875 0.017578125 0.013671875
5 0.80078125 0.423828125 0.013671875 0.0234375