3 0.4107349537037037 0.2822627314814815 0.06756365740740744 0.031741898148148096
3 0.2894241898148148 0.2755063657407407 0.06741898148148151 0.027835648148148096
4 0.5339988425925926 0.2890335648148148 0.0596064814814814 0.02777777777777768
7 0.6408420138888888 0.221484375 0.04050925925925908 0.03935185185185186
4 0.6435185185185185 0.29375 0.05555555555555558 0.023842592592592582
2 0.4099392361111111 0.20805844907407406 0.04253472222222221 0.041319444444444464
1 0.28660300925925924 0.19933449074074072 0.04644097222222221 0.04134837962962967
0 0.15559895833333334 0.19445891203703702 0.05049189814814814 0.04528356481481477
6 0.529296875 0.21480034722222224 0.04253472222222232 0.041319444444444464
5 0.7530381944444444 0.29846643518518523 0.02900752314814814 0.045124421296296235
8 0.7524594907407407 0.23012152777777778 0.04050925925925908 0.03935185185185186
5 0.1603732638888889 0.27064525462962963 0.033203125 0.052965856481481444