0 0.0034866898148148157 0.26727430555555554 0.0069733796296296315 0.03576388888888893
4 0.004886429398148149 0.323828125 0.009772858796296299 0.026171874999999956
3 0.08020833333333334 0.3315972222222222 0.05285011574074075 0.026519097222222232
1 0.08645833333333333 0.27881944444444445 0.04013310185185187 0.03793402777777777
2 0.17355324074074074 0.2866319444444444 0.0378616898148148 0.033984374999999956
5 0.16925636574074074 0.33936631944444445 0.026779513888888884 0.041536458333333304
6 0.25462962962962965 0.2965277777777778 0.030049189814814747 0.03381076388888893
4 0.2506510416666667 0.3453559027777778 0.04097222222222219 0.02430555555555558
7 0.32821180555555557 0.30269097222222224 0.033796296296296324 0.03194444444444444
3 0.32439236111111114 0.34956597222222224 0.03901909722222219 0.024262152777777768
8 0.39577546296296295 0.3109375 0.03200231481481475 0.03385416666666674
5 0.39243344907407407 0.351953125 0.02466724537037035 0.03953993055555549