4 0.501953125 0.3456163194444445 0.04065393518518512 0.02322048611111116
3 0.8474392361111112 0.30690104166666665 0.05447048611111116 0.02578125000000009
3 0.5784143518518519 0.3383246527777778 0.0463686342592593 0.021527777777777812
5 0.9515335648148149 0.2944878472222222 0.0302372685185186 0.04027777777777786
0 0.5055700231481481 0.29678819444444443 0.02965856481481488 0.032465277777777746
7 0.8498263888888888 0.24839409722222222 0.03747106481481488 0.03281250000000002
4 0.7493489583333333 0.31710069444444444 0.04651331018518512 0.023480902777777812
6 0.7535445601851851 0.26046006944444444 0.03385416666666652 0.036545138888888884
2 0.6629774305555556 0.27421875 0.03356481481481488 0.032638888888888884
8 0.9560185185185186 0.2339409722222222 0.04361979166666652 0.036979166666666674
5 0.6592158564814814 0.32499999999999996 0.0263310185185186 0.04010416666666661
1 0.5805121527777778 0.2837239583333333 0.02965856481481488 0.03246527777777786