8 0.689453125 0.3515625 0.021484375 0.021484375
4 0.62890625 0.388671875 0.037109375 0.015625
6 0.5703125 0.3515625 0.021484375 0.021484375
7 0.62890625 0.349609375 0.025390625 0.025390625
3 0.38671875 0.38671875 0.03125 0.01171875
0 0.38671875 0.349609375 0.021484375 0.025390625
1 0.44921875 0.349609375 0.021484375 0.025390625
4 0.689453125 0.388671875 0.02734375 0.015625
3 0.44921875 0.38671875 0.03515625 0.01171875
2 0.505859375 0.349609375 0.025390625 0.025390625
5 0.568359375 0.38671875 0.01953125 0.025390625
5 0.5078125 0.38671875 0.015625 0.025390625