0 0.6082899305555556 0.3021701388888889 0.03356481481481488 0.032638888888888884
1 0.6786024305555556 0.2990451388888889 0.02965856481481488 0.032465277777777746
2 0.7468171296296297 0.2940538194444444 0.02965856481481488 0.03246527777777786
6 0.8153211805555556 0.29296875 0.02936921296296302 0.028559027777777746
7 0.8836805555555556 0.2899305555555556 0.02712673611111116 0.024565972222222232
8 0.9539930555555556 0.28680555555555554 0.02951388888888884 0.030512152777777857
3 0.611328125 0.3431857638888889 0.0346498842592593 0.02100694444444451
3 0.6817853009259259 0.3420138888888889 0.03674768518518512 0.023046875000000022
5 0.7501446759259259 0.3389756944444444 0.02018229166666674 0.035937499999999956
5 0.8203125 0.33389756944444443 0.0239438657407407 0.034157986111111094
4 0.8868634259259259 0.3328993055555556 0.03479456018518512 0.02296006944444451
4 0.9552228009259259 0.3298611111111111 0.03870081018518512 0.023133680555555536