3 0.4305555555555556 0.260619212962963 0.07113715277777777 0.0322627314814814
4 0.5589409722222223 0.26838831018518516 0.06918402777777777 0.0322337962962963
4 0.6814670138888889 0.27607060185185184 0.06137152777777777 0.03211805555555558
1 0.3021701388888889 0.16484375 0.05494791666666665 0.04762731481481486
3 0.29453125 0.25078125 0.07113715277777777 0.03226273148148151
7 0.6903645833333334 0.19797453703703705 0.046788194444444375 0.043605324074074026
0 0.15442708333333333 0.15483217592592594 0.06115451388888893 0.05162037037037037
2 0.4360677083333333 0.17660590277777777 0.05104166666666665 0.04756944444444444
6 0.566232638888889 0.1863570601851852 0.046788194444444375 0.04360532407407408
8 0.8070312500000001 0.20557002314814815 0.044835069444444375 0.04357638888888887
5 0.14874131944444444 0.24079861111111112 0.04019097222222223 0.057161458333333304
5 0.8002604166666667 0.28174189814814815 0.03151041666666665 0.04728009259259258