4 0.75390625 0.36328125 0.041015625 0.01953125
3 0.60546875 0.36328125 0.037109375 0.015625
4 0.677734375 0.36328125 0.04296875 0.015625
3 0.978515625 0.36328125 0.037109375 0.015625
7 0.904296875 0.31640625 0.02734375 0.02734375
6 0.830078125 0.31640625 0.02734375 0.02734375
1 0.6796875 0.318359375 0.02734375 0.025390625
0 0.60546875 0.318359375 0.02734375 0.025390625
5 0.830078125 0.36328125 0.021484375 0.03125
5 0.904296875 0.36328125 0.021484375 0.03125
8 0.98046875 0.31640625 0.02734375 0.02734375
2 0.75390625 0.318359375 0.02734375 0.025390625