3 0.31396122685185185 0.39036458333333335 0.021889467592592582 0.015104166666666696
3 0.47021122685185185 0.37994791666666666 0.02177372685185186 0.011197916666666696
4 0.39599247685185185 0.3848958333333333 0.021889467592592582 0.015104166666666696
4 0.43310185185185185 0.382421875 0.02177372685185186 0.011197916666666696
7 0.4337962962962963 0.358984375 0.014192708333333304 0.018489583333333393
1 0.31477141203703707 0.36302083333333335 0.022005208333333304 0.019010416666666696
6 0.3947337962962963 0.36158854166666665 0.018098958333333304 0.018750000000000044
2 0.35377604166666665 0.3623697916666667 0.018214699074074137 0.022656250000000044
0 0.27180266203703707 0.36588541666666663 0.018098958333333304 0.018750000000000044
8 0.4728587962962963 0.3563802083333333 0.018098958333333304 0.018750000000000044
5 0.2730613425925926 0.3891927083333333 0.014308449074074137 0.022395833333333393
5 0.35497685185185185 0.38763020833333334 0.014308449074074026 0.02239583333333328
5 0.01840277777777778 0.4315104166666667 0.022410300925925927 0.032682291666666696
5 0.06268807870370371 0.45 0.021889467592592582 0.015104166666666696
5 0.008987991898148149 0.4243489583333333 0.017975983796296297 0.022656250000000044
3 0.0053674768518518524 0.438671875 0.010734953703703705 0.023046875000000022
5 0.0372974537037037 0.4516927083333333 0.014076967592592582 0.014583333333333393