4 0.5256944444444445 0.34477719907407406 0.04986979166666661 0.02633101851851849
2 0.3213107638888889 0.26059027777777777 0.04062499999999991 0.03747106481481488
3 0.6196180555555555 0.35423900462962965 0.04969618055555536 0.0224247685185186
3 0.21453993055555556 0.3127025462962963 0.05572916666666666 0.026678240740740766
5 0.3240885416666667 0.32309027777777777 0.027213541666666674 0.042520254629629606
5 0.09904513888888888 0.3000144675925926 0.031119791666666674 0.04275173611111116
4 0.4259114583333333 0.3349681712962963 0.05182291666666661 0.02644675925925921
1 0.21158854166666666 0.2462962962962963 0.042751736111111105 0.0414930555555556
6 0.42313368055555556 0.2724681712962963 0.0366319444444444 0.035286458333333326
0 0.09618055555555556 0.2355613425925926 0.042578124999999994 0.0375868055555556
8 0.618967013888889 0.29576099537037037 0.03467881944444429 0.035170717592592604
7 0.5230034722222222 0.28423032407407406 0.03663194444444451 0.035286458333333326