4 0.4981192129629629 0.421875 0.03045428240740744 0.01714409722222221
3 0.4497251157407407 0.4134837962962963 0.03045428240740744 0.01714409722222221
3 0.5447048611111112 0.4282118055555556 0.02654803240740744 0.016941550925925863
4 0.3370225694444444 0.3997974537037037 0.03436053240740744 0.017346643518518556
5 0.2749565972222222 0.39069733796296297 0.02170138888888884 0.03030960648148151
5 0.3954716435185185 0.40478877314814815 0.01750578703703698 0.026200810185185164
1 0.34006076388888884 0.3587818287037037 0.02517361111111116 0.024652777777777857
0 0.27604166666666663 0.3495804398148148 0.02517361111111116 0.024652777777777857
2 0.39807581018518523 0.36963252314814815 0.02531828703703698 0.026605902777777746
6 0.45052083333333337 0.37627314814814816 0.02141203703703698 0.02640335648148151
7 0.49905960648148145 0.3827112268518519 0.02126736111111105 0.0244502314814814
8 0.5474537037037037 0.39110243055555555 0.02126736111111116 0.02445023148148151