3 0.9396484375 0.18960503472222223 0.08308738425925943 0.03302951388888886
4 0.7845630787037037 0.19110243055555554 0.0795572916666667 0.03684895833333335
5 0.4642505787037037 0.1982204861111111 0.04508101851851842 0.06336805555555558
4 0.6283130787037037 0.1945746527777778 0.0834635416666667 0.03693576388888886
3 0.3040943287037037 0.20177951388888887 0.0834635416666667 0.03693576388888886
5 0.14217303240740742 0.20342881944444446 0.04545717592592591 0.06727430555555558
0 0.14950810185185187 0.12725694444444446 0.05953414351851849 0.01106770833333337
2 0.4717737268518518 0.12009548611111111 0.0595341435185186 0.011067708333333343
6 0.6338831018518518 0.11649305555555556 0.0556278935185186 0.010980902777777773
1 0.3116174768518518 0.1236545138888889 0.0536747685185186 0.010937499999999989
7 0.7938512731481482 0.11488715277777778 0.05991030092592586 0.014973958333333315
8 0.9520543981481482 0.11137152777777777 0.05600405092592586 0.014887152777777773