3 0.6216869212962963 0.3529224537037037 0.03920717592592604 0.02010995370370372
4 0.6939814814814815 0.35789930555555555 0.03920717592592604 0.02010995370370372
1 0.46500289351851853 0.2920138888888889 0.02951388888888884 0.02973090277777779
4 0.4653935185185185 0.3447482638888889 0.03920717592592593 0.02010995370370372
5 0.5454861111111111 0.3478877314814815 0.019777199074074048 0.03349247685185186
2 0.5451244212962962 0.2990596064814815 0.027546296296296457 0.027748842592592582
0 0.3790219907407407 0.28488136574074074 0.03342013888888884 0.029788773148148096
7 0.6936197916666667 0.30907118055555555 0.02756076388888884 0.029701967592592582
5 0.38136574074074076 0.33764467592592595 0.023712384259259256 0.037456597222222276
6 0.6213252314814814 0.3040943287037037 0.02756076388888884 0.029701967592592693
3 0.7662760416666667 0.3628761574074074 0.03722511574074083 0.016174768518518512
8 0.7659288194444445 0.3160011574074074 0.023640046296296235 0.027690972222222276