0 0.30625 0.3324074074074074 0.03344907407407405 0.034924768518518556
1 0.3961082175925926 0.33511284722222223 0.031481481481481444 0.03287037037037033
2 0.480078125 0.34142071759259257 0.03541666666666665 0.036979166666666674
6 0.56796875 0.34597800925925926 0.031452546296296235 0.028964120370370328
7 0.6578125 0.35063657407407406 0.035431134259259256 0.038932291666666674
8 0.7456886574074074 0.35714699074074074 0.03736979166666665 0.03708043981481479
5 0.395703125 0.38980034722222223 0.025665509259259256 0.03842592592592586
3 0.3039207175925926 0.38308738425925926 0.045081018518518534 0.023813657407407374
4 0.48162615740740744 0.39620949074074074 0.05096932870370363 0.028023726851851838
4 0.5675636574074074 0.40066550925925926 0.05289351851851842 0.024218749999999956
5 0.657421875 0.4033709490740741 0.02763310185185186 0.04048032407407409
3 0.7413917824074074 0.40967881944444445 0.04508101851851842 0.023813657407407374