5 0.7715711805555556 0.4322048611111111 0.016319444444444553 0.024131944444444442
8 0.9809461805555555 0.38884548611111114 0.02223668981481497 0.026345486111111205
5 0.9819299768518519 0.42204861111111114 0.018388310185185386 0.028124999999999956
2 0.8427951388888888 0.4002604166666667 0.018272569444444553 0.024218749999999956
3 0.8086226851851852 0.43190104166666665 0.025853587962962887 0.016753472222222232
1 0.8077546296296296 0.40260416666666665 0.016319444444444553 0.024131944444444442
6 0.8855902777777778 0.39631076388888886 0.020225694444444553 0.02430555555555558
4 0.9312644675925926 0.4236979166666667 0.029817708333333304 0.01888020833333326
4 0.8865162037037038 0.42756076388888886 0.02774884259259247 0.014887152777777857
7 0.9303385416666667 0.3924479166666667 0.02028356481481497 0.02625868055555558
0 0.7707609953703703 0.4048611111111111 0.01815682870370372 0.020312499999999956
3 0.8436631944444444 0.4295572916666667 0.02188946759259247 0.014626736111111094