4 0.4681278935185185 0.3260850694444445 0.037340856481481444 0.017824074074074048
3 0.7025318287037037 0.31414930555555554 0.04521122685185186 0.022193287037036935
4 0.5482349537037037 0.3232928240740741 0.04130497685185186 0.02196180555555549
3 0.3079427083333333 0.3336226851851852 0.03739872685185186 0.021730324074074048
1 0.3872974537037037 0.28004918981481486 0.027748842592592582 0.028964120370370328
0 0.3072193287037037 0.2847945601851852 0.03165509259259258 0.029195601851851882
5 0.6263020833333333 0.31475694444444446 0.021947337962962887 0.03252314814814816
7 0.6256365740740741 0.26983506944444446 0.02774884259259247 0.028964120370370328
2 0.46545138888888893 0.2773726851851852 0.027719907407407485 0.027010995370370328
5 0.38802083333333337 0.3288773148148148 0.021947337962962887 0.03252314814814816
6 0.5474826388888889 0.2725115740740741 0.027719907407407263 0.027010995370370328
8 0.7037615740740741 0.2652054398148148 0.02774884259259247 0.028964120370370328