4 0.84765625 0.1640625 0.083984375 0.041015625
3 0.482421875 0.16015625 0.08984375 0.041015625
5 0.298828125 0.16015625 0.046875 0.068359375
5 0.666015625 0.162109375 0.04296875 0.068359375
4 0.03125 0.431640625 0.01953125 0.01171875
3 0.0625 0.43359375 0.01953125 0.01171875
8 0.0625 0.412109375 0.01171875 0.01953125
7 0.033203125 0.408203125 0.015625 0.015625
8 0.00390625 0.427734375 0.005859375 0.01953125
8 0.05078125 0.40625 0.01953125 0.01953125
8 0.0078125 0.400390625 0.015625 0.01171875
8 0.00390625 0.404296875 0.005859375 0.015625
8 0.990234375 0.1640625 0.01171875 0.021484375
8 0.9951171875 0.1630859375 0.009765625 0.009765625
3 0.66796875 0.138671875 0.037109375 0.021484375