4 0.5653211805555556 0.3240885416666667 0.04969618055555558 0.02669270833333326
3 0.6686921296296297 0.32708333333333334 0.05360243055555558 0.026953125000000022
3 0.8890335648148149 0.33203125 0.06336805555555536 0.027604166666666652
4 0.9909577546296297 0.3294270833333333 0.0180844907407407 0.029166666666666674
0 0.46954571759259256 0.2631510416666667 0.04036458333333326 0.03776041666666674
5 0.7777777777777778 0.3265625 0.02900752314814814 0.04674479166666656
1 0.5650318287037037 0.263671875 0.03255208333333326 0.037239583333333326
5 0.4717158564814815 0.3217447916666667 0.02495659722222232 0.04257812499999991
2 0.6663049768518519 0.26263020833333334 0.04036458333333326 0.03776041666666663
7 0.8903356481481481 0.26197916666666665 0.0424623842592593 0.041796874999999956
6 0.7734375 0.26197916666666665 0.0405092592592593 0.04166666666666674
8 0.9924768518518519 0.2602864583333333 0.01504629629629628 0.042447916666666696