0 0.3671875 0.3515625 0.021484375 0.0234375
1 0.427734375 0.349609375 0.025390625 0.025390625
2 0.48828125 0.3515625 0.021484375 0.021484375
6 0.55078125 0.3515625 0.02734375 0.02734375
7 0.609375 0.349609375 0.025390625 0.025390625
8 0.66796875 0.3515625 0.025390625 0.021484375
8 0.669921875 0.353515625 0.02734375 0.025390625
3 0.369140625 0.388671875 0.037109375 0.013671875
5 0.4296875 0.390625 0.021484375 0.029296875
4 0.490234375 0.388671875 0.03515625 0.015625
4 0.55078125 0.388671875 0.03125 0.015625
5 0.611328125 0.390625 0.0234375 0.03125
3 0.669921875 0.390625 0.03125 0.01953125