0 0.3529224537037037 0.29771412037037037 0.04451678240740731 0.043272569444444464
1 0.4453559027777778 0.2905815972222222 0.03802083333333339 0.03541666666666665
2 0.5452835648148149 0.28741319444444446 0.04615162037037024 0.03938078703703707
6 0.6513888888888889 0.2803819444444444 0.042404513888888884 0.04130497685185186
7 0.7635127314814815 0.2714409722222222 0.044039351851851816 0.037413194444444464
8 0.8832899305555556 0.26451099537037037 0.044357638888888884 0.041319444444444464
5 0.34619502314814815 0.35629340277777777 0.026779513888888884 0.04118923611111114
3 0.5400318287037038 0.35186631944444446 0.05707465277777768 0.029701967592592582
4 0.4401041666666667 0.3550347222222222 0.05675636574074072 0.025795717592592582
5 0.6461371527777777 0.3448350694444444 0.0371817129629628 0.04907407407407405
3 0.7577835648148148 0.3417534722222222 0.06456886574074083 0.025853587962962887
4 0.8795138888888889 0.334837962962963 0.06699942129629632 0.03172743055555549