0 0.29765625 0.33177083333333335 0.03749999999999998 0.03750000000000009
1 0.38763020833333334 0.3358072916666667 0.03932291666666665 0.035677083333333304
3 0.2944010416666667 0.38059895833333335 0.046354166666666696 0.024479166666666607
3 0.38216145833333337 0.38841145833333335 0.04648437499999991 0.026432291666666607
2 0.47161458333333334 0.34140625 0.03749999999999998 0.03750000000000009
5 0.46809895833333337 0.394140625 0.026171874999999956 0.04257812499999991
5 0.5578125 0.40208333333333335 0.028125000000000178 0.04270833333333335
6 0.5595052083333334 0.347265625 0.033333333333333215 0.03333333333333344
6 0.647265625 0.355078125 0.03151041666666665 0.03515625
4 0.641796875 0.4076822916666667 0.04661458333333335 0.028385416666666607
8 0.733203125 0.36080729166666664 0.03359375000000009 0.037239583333333326
4 0.7276041666666666 0.41536458333333337 0.04453124999999991 0.026302083333333393