2 0.8332320601851853 0.3828125 0.020804398148148273 0.021484375
6 0.875853587962963 0.376953125 0.018967013888888884 0.0234375
7 0.9223813657407407 0.37109375 0.020920138888888884 0.0234375
5 0.7630497685185185 0.41796875 0.015060763888888884 0.0234375
0 0.7615451388888889 0.392578125 0.01678240740740744 0.01953125
1 0.7964699074074073 0.388671875 0.020804398148148273 0.021484375
3 0.8369212962962963 0.412109375 0.028269675925925997 0.015625
4 0.8778211805555556 0.41015625 0.028269675925925775 0.015625
4 0.9243489583333333 0.404296875 0.030222800925925775 0.015625
3 0.7982060185185185 0.41796875 0.022178819444444553 0.01171875
8 0.9726996527777778 0.36328125 0.022757523148148273 0.021484375
5 0.972829861111111 0.3984375 0.020804398148148273 0.021484375