0 0.126171875 0.20729166666666665 0.04745370370370372 0.040451388888888884
1 0.2453414351851852 0.20571469907407408 0.043460648148148096 0.03447627314814816
2 0.3625289351851852 0.20224247685185187 0.051302083333333304 0.036660879629629606
6 0.47779224537037035 0.20078125 0.04745370370370372 0.040451388888888884
7 0.5910445601851851 0.19547164351851853 0.04742476851851851 0.038498263888888884
8 0.7082899305555556 0.1959056712962963 0.04547164351851851 0.03844039351851852
3 0.11721643518518518 0.2622685185185185 0.07065972222222222 0.025520833333333326
4 0.23635706018518518 0.2587384259259259 0.06284722222222222 0.02528935185185177
5 0.357421875 0.25319733796296295 0.03378182870370372 0.0400462962962963
5 0.4785445601851852 0.2515625 0.03378182870370372 0.0400462962962963
3 0.5957320601851852 0.24809027777777778 0.06474247685185186 0.021440972222222243
4 0.7149016203703704 0.24651331018518519 0.058940972222222054 0.02517361111111116