4 0.4441261574074074 0.3265625 0.041652199074074026 0.024218749999999956
3 0.7802372685185185 0.3100260416666667 0.041536458333333304 0.020312499999999956
1 0.5285590277777779 0.27005208333333336 0.032175925925925775 0.033333333333333326
6 0.6966435185185185 0.26276041666666666 0.032175925925925775 0.033333333333333326
3 0.5301793981481482 0.3247395833333333 0.04555844907407414 0.024479166666666607
4 0.6982060185185185 0.31549479166666666 0.045442708333333304 0.02057291666666672
5 0.6161168981481482 0.31901041666666663 0.022526041666666607 0.036588541666666696
7 0.7806278935185185 0.2571614583333333 0.032175925925925775 0.033333333333333326
0 0.44066840277777775 0.27591145833333336 0.032175925925926 0.033333333333333326
5 0.8623263888888889 0.3065104166666667 0.026432291666666607 0.03684895833333335
2 0.6126012731481482 0.26640625 0.032060185185185164 0.029427083333333326
8 0.8607638888888889 0.2537760416666667 0.032060185185185164 0.029427083333333326