4 0.85 0.15188078703703706 0.08880208333333339 0.04166666666666663
3 0.4730902777777778 0.1527199074074074 0.09466145833333339 0.04171006944444444
5 0.281640625 0.15609085648148147 0.050260416666666696 0.06481481481481477
5 0.6605468750000001 0.15328414351851852 0.04644097222222232 0.06869212962962962
4 0.0050021701388888885 0.43547453703703703 0.010004340277777777 0.01381655092592593
3 0.03129340277777778 0.43719618055555554 0.01983506944444445 0.01381655092592593
8 0.03177083333333333 0.41571180555555554 0.014105902777777776 0.01963252314814823
7 0.005295138888888888 0.41006944444444443 0.010590277777777777 0.015740740740740722
8 0.020225694444444445 0.4079861111111111 0.019965277777777776 0.01967592592592593
8 0.992578125 0.1508246527777778 0.006380208333333304 0.023480902777777812
3 0.6649739583333334 0.12981770833333334 0.03949652777777768 0.01982060185185186