0 0.27734375 0.287109375 0.02734375 0.03125
1 0.35546875 0.28125 0.02734375 0.03125
4 0.35546875 0.3359375 0.041015625 0.021484375
3 0.44140625 0.33203125 0.04296875 0.021484375
3 0.623046875 0.3203125 0.052734375 0.021484375
4 0.72265625 0.31640625 0.05078125 0.025390625
2 0.44140625 0.275390625 0.03125 0.03125
7 0.623046875 0.26171875 0.03515625 0.03515625
5 0.27734375 0.33984375 0.021484375 0.03515625
6 0.52734375 0.26953125 0.03125 0.03125
5 0.52734375 0.32421875 0.025390625 0.037109375
8 0.724609375 0.25390625 0.037109375 0.03515625