4 0.9617621527777778 0.27413194444444444 0.056944444444444464 0.026605902777777746
4 0.8523871527777778 0.2765625 0.053038194444444464 0.026519097222222232
3 0.5082899305555555 0.2802951388888889 0.06280381944444446 0.02673611111111107
3 0.39305555555555555 0.2828559027777778 0.058897569444444464 0.026649305555555558
1 0.5022135416666667 0.21193576388888888 0.04431423611111107 0.03802083333333334
0 0.38680555555555557 0.21254340277777778 0.04856770833333335 0.042013888888888906
5 0.7368055555555555 0.27521701388888886 0.033289930555555625 0.04557291666666674
2 0.6154947916666667 0.2094184027777778 0.04431423611111107 0.03802083333333328
5 0.6215711805555555 0.2777777777777778 0.033289930555555625 0.04557291666666674
6 0.7326822916666667 0.2068142361111111 0.04040798611111107 0.03793402777777777
7 0.8441840277777778 0.20629340277777777 0.04431423611111107 0.03802083333333334
8 0.9574652777777778 0.20377604166666666 0.04431423611111107 0.03802083333333334