4 0.28515625 0.349609375 0.041015625 0.01953125
4 0.03515625 0.34765625 0.046875 0.021484375
3 0.3671875 0.353515625 0.041015625 0.01953125
3 0.12109375 0.349609375 0.041015625 0.01953125
6 0.28515625 0.30078125 0.02734375 0.02734375
2 0.203125 0.30078125 0.03125 0.03125
5 0.205078125 0.34765625 0.021484375 0.03515625
7 0.3671875 0.30078125 0.02734375 0.02734375
1 0.12109375 0.298828125 0.02734375 0.02734375
5 0.44921875 0.3515625 0.021484375 0.03515625
0 0.03515625 0.296875 0.03515625 0.03125
8 0.44921875 0.3046875 0.02734375 0.02734375