7 0.3247829861111111 0.3180121527777778 0.026605902777777746 0.027531828703703742
2 0.20147569444444444 0.3130642361111111 0.028819444444444453 0.033405671296296235
6 0.2640625 0.3145543981481481 0.03059895833333326 0.02951388888888884
8 0.38346354166666663 0.31953125000000004 0.030512152777777857 0.02756076388888884
1 0.1369357638888889 0.3115885416666667 0.028472222222222232 0.025593171296296235
4 0.07013888888888889 0.3472511574074074 0.040017361111111094 0.02177372685185186
0 0.06840277777777778 0.3081886574074074 0.03246527777777777 0.027575231481481444
3 0.203125 0.3501736111111111 0.040017361111111094 0.02177372685185186
3 0.13663194444444443 0.34871238425925927 0.04188368055555558 0.019835069444444464
4 0.26766493055555557 0.35164930555555557 0.03797743055555558 0.019806134259259256
5 0.32829861111111114 0.3531539351851852 0.022873263888888884 0.031409143518518534
5 0.38307291666666665 0.3547019675925926 0.02278645833333326 0.029456018518518534