4 0.6307291666666667 0.25601851851851853 0.06184895833333326 0.02042824074074079
3 0.37890625 0.2577980324074074 0.06575520833333337 0.020486111111111094
4 0.7518229166666667 0.254224537037037 0.05989583333333326 0.02039930555555558
3 0.12903645833333333 0.2595486111111111 0.061979166666666696 0.02238136574074079
8 0.74140625 0.20559895833333336 0.046875 0.029962384259259234
6 0.5072916666666667 0.20516493055555557 0.04296875 0.02990451388888893
5 0.50390625 0.2559461805555555 0.03359375000000009 0.03561921296296289
5 0.2579427083333333 0.25763888888888886 0.03359374999999998 0.03561921296296289
2 0.38815104166666664 0.20692997685185185 0.05078125 0.03002025462962965
7 0.62421875 0.20733506944444446 0.046875 0.029962384259259234
0 0.14622395833333335 0.20661168981481481 0.046875 0.029962384259259234
1 0.26705729166666664 0.20872395833333335 0.046875 0.029962384259259234