3 0.46875 0.3985387731481481 0.03421585648148151 0.015639467592592604
3 0.169921875 0.3808304398148148 0.03421585648148151 0.015639467592592604
4 0.2890625 0.38789062500000004 0.03030960648148151 0.01540798611111116
4 0.23046875 0.3844184027777778 0.03421585648148151 0.015639467592592604
8 0.47345196759259256 0.3615451388888889 0.02546296296296302 0.028732638888888884
1 0.23307291666666666 0.3492621527777778 0.029079861111111105 0.025057870370370328
7 0.4110966435185185 0.3558883101851852 0.02126736111111116 0.02459490740740744
6 0.3525028935185185 0.352416087962963 0.02517361111111116 0.024826388888888884
0 0.17252604166666666 0.3456741898148148 0.029079861111111105 0.025057870370370328
2 0.29181134259259256 0.35078125000000004 0.02936921296296302 0.028964120370370328
5 0.41015625 0.3950665509259259 0.01960358796296302 0.028385416666666607
5 0.34765625 0.39136284722222225 0.02155671296296302 0.02850115740740744