4 0.92578125 0.29296875 0.052734375 0.025390625
4 0.818359375 0.29296875 0.05078125 0.025390625
3 0.48046875 0.291015625 0.05859375 0.025390625
3 0.365234375 0.291015625 0.056640625 0.025390625
1 0.48046875 0.22265625 0.041015625 0.037109375
0 0.365234375 0.220703125 0.04296875 0.041015625
5 0.705078125 0.291015625 0.02734375 0.04296875
2 0.591796875 0.22265625 0.041015625 0.037109375
5 0.591796875 0.291015625 0.02734375 0.04296875
6 0.70703125 0.22265625 0.037109375 0.037109375
7 0.81640625 0.224609375 0.041015625 0.037109375
8 0.9296875 0.224609375 0.041015625 0.037109375