0 0.291015625 0.2150462962962963 0.052734375 0.04921874999999998
1 0.4140625 0.21595775462962963 0.04296875 0.04328703703703701
2 0.53515625 0.21685474537037036 0.04296875 0.04328703703703707
6 0.658203125 0.2197193287037037 0.041015625 0.041319444444444464
7 0.77734375 0.22255497685185183 0.04296875 0.04133391203703707
8 0.896484375 0.2234375 0.041015625 0.041319444444444464
5 0.537109375 0.29108796296296297 0.033203125 0.04712094907407405
5 0.65625 0.2919704861111111 0.029296875 0.05295138888888884
3 0.291015625 0.2892650462962963 0.060546875 0.027792245370370394
4 0.416015625 0.29019097222222223 0.060546875 0.027792245370370394
3 0.779296875 0.29678819444444443 0.060546875 0.027792245370370394
4 0.896484375 0.29765625 0.060546875 0.027792245370370394