0 0.4286024305555556 0.3489728009259259 0.0244502314814814 0.027517361111111138
1 0.4853877314814815 0.3454861111111111 0.0244502314814814 0.027517361111111138
2 0.5461516203703703 0.34007523148148144 0.02850115740740744 0.031452546296296235
6 0.6127748842592593 0.33470775462962965 0.026475694444444642 0.02948495370370363
7 0.6813512731481481 0.32935474537037035 0.02842881944444442 0.029499421296296235
8 0.757740162037037 0.32405960648148147 0.03045428240740744 0.03146701388888884
4 0.4271556712962963 0.3880353009259259 0.03385416666666674 0.017824074074074048
3 0.48582175925925924 0.3865162037037037 0.03783275462962965 0.019806134259259256
5 0.5447048611111112 0.3791377314814815 0.02278645833333348 0.035315393518518534
4 0.6111834490740741 0.37767650462962965 0.03595196759259256 0.021744791666666652
3 0.6796875 0.37427662037037035 0.03985821759259256 0.02177372685185186
5 0.7540509259259259 0.37092013888888886 0.02669270833333326 0.03534432870370363