3 0.17815393518518519 0.3671875 0.03346354166666665 0.017578125
4 0.24260706018518519 0.3671875 0.03346354166666665 0.017578125
4 0.3031539351851852 0.3671875 0.03346354166666665 0.017578125
3 0.4906539351851852 0.3671875 0.03346354166666665 0.017578125
8 0.49126157407407406 0.326171875 0.027690972222222165 0.0234375
0 0.1787037037037037 0.330078125 0.02378472222222222 0.0234375
6 0.3662615740740741 0.326171875 0.023784722222222276 0.0234375
7 0.4268084490740741 0.326171875 0.023784722222222276 0.0234375
5 0.4281539351851852 0.3671875 0.01996527777777779 0.029296875
1 0.2412326388888889 0.328125 0.023842592592592582 0.02734375
2 0.3037326388888889 0.328125 0.027748842592592582 0.02734375
5 0.3637008101851852 0.3671875 0.01996527777777779 0.029296875