5 0.5088541666666667 0.287109375 0.03146701388888884 0.048828125
4 0.27643229166666666 0.287109375 0.06167534722222223 0.025390625
3 0.6261284722222222 0.2890625 0.05972222222222223 0.025390625
2 0.27126736111111116 0.21484375 0.04079861111111116 0.0390625
4 0.39361979166666666 0.287109375 0.05989583333333337 0.029296875
0 0.03289930555555556 0.212890625 0.046657986111111105 0.0390625
5 0.15525173611111112 0.28515625 0.031467013888888895 0.048828125
1 0.1521267361111111 0.21484375 0.042751736111111105 0.0390625
3 0.04010416666666667 0.287109375 0.05581597222222222 0.025390625
6 0.38845486111111116 0.21484375 0.04275173611111116 0.0390625
7 0.5057291666666667 0.216796875 0.04283854166666656 0.041015625
8 0.6210503472222222 0.21875 0.04275173611111116 0.0390625