4 0.33203125 0.421875 0.025390625 0.01171875
4 0.37109375 0.421875 0.025390625 0.01171875
3 0.244140625 0.419921875 0.025390625 0.009765625
3 0.4140625 0.423828125 0.021484375 0.009765625
5 0.19921875 0.41796875 0.01171875 0.01953125
2 0.287109375 0.39453125 0.01953125 0.021484375
5 0.287109375 0.419921875 0.01171875 0.021484375
7 0.37109375 0.396484375 0.01953125 0.01953125
6 0.33203125 0.39453125 0.01953125 0.015625
0 0.19921875 0.39453125 0.021484375 0.01953125
1 0.244140625 0.39453125 0.01953125 0.01953125
8 0.416015625 0.3984375 0.01953125 0.015625
5 0.02734375 0.470703125 0.01953125 0.015625
5 0.056640625 0.470703125 0.01953125 0.015625
5 0.0390625 0.470703125 0.015625 0.015625
5 0.072265625 0.470703125 0.01171875 0.015625