0 0.2603298611111111 0.31947337962962963 0.035749421296296324 0.032971643518518556
1 0.3384548611111111 0.32352430555555556 0.03200231481481486 0.03472222222222221
2 0.41283275462962965 0.32541956018518514 0.033796296296296324 0.03287037037037033
6 0.4907986111111111 0.3314236111111111 0.031843171296296324 0.03276909722222221
7 0.5650173611111111 0.33527199074074077 0.031843171296296324 0.03276909722222232
8 0.6411892361111111 0.3392216435185185 0.03363715277777768 0.030917245370370328
3 0.25666956018518516 0.36439525462962963 0.04292534722222219 0.025564236111111138
3 0.33463541666666663 0.37039930555555556 0.042766203703703765 0.023611111111111138
5 0.41096643518518516 0.37239583333333337 0.028414351851851816 0.03842592592592586
5 0.48518518518518516 0.37624421296296295 0.026461226851851816 0.03832465277777786
4 0.5611979166666666 0.38214699074074077 0.03901909722222219 0.025361689814814792
4 0.6373697916666667 0.3860966435185185 0.03885995370370354 0.023408564814814792