3 0.30305266203703707 0.259765625 0.06879340277777768 0.029296875
2 0.4448206018518519 0.173828125 0.05280671296296302 0.048828125
4 0.5732204861111112 0.251953125 0.06488715277777768 0.029296875
4 0.7140046296296296 0.25 0.07269965277777768 0.029296875
3 0.8569010416666667 0.24609375 0.07465277777777768 0.029296875
5 0.43634259259259256 0.25390625 0.03750000000000009 0.052734375
0 0.17839988425925926 0.18359375 0.05232928240740742 0.04296875
1 0.30973668981481484 0.177734375 0.050694444444444375 0.046875
5 0.17203414351851853 0.26171875 0.03359374999999998 0.052734375
6 0.5800636574074074 0.16796875 0.052647569444444375 0.046875
7 0.7210069444444445 0.1640625 0.052647569444444375 0.046875
8 0.8639033564814815 0.16015625 0.0567129629629628 0.048828125