0 0.141796875 0.2480324074074074 0.048958333333333326 0.04756944444444444
1 0.25381944444444443 0.26530671296296293 0.04301215277777781 0.04552951388888893
2 0.3482638888888889 0.2823206018518518 0.042838541666666674 0.04162326388888893
6 0.43472222222222223 0.2953125 0.035026041666666674 0.041507523148148096
7 0.5094618055555555 0.308130787037037 0.03493923611111116 0.039554398148148096
8 0.5822482638888888 0.3209201388888889 0.028993055555555536 0.03751446759259258
4 0.1467013888888889 0.3144675925925926 0.059982638888888884 0.03211805555555558
3 0.25455729166666663 0.3258246527777778 0.05403645833333326 0.030078124999999956
5 0.35078125000000004 0.33896122685185187 0.03129340277777781 0.04535590277777779
4 0.43723958333333335 0.351953125 0.04401041666666661 0.024074074074074137
3 0.5137586805555555 0.3608940972222222 0.04214409722222223 0.02599826388888893
5 0.5823784722222223 0.3677662037037037 0.023133680555555536 0.03742766203703707