4 0.8579571759259259 0.28644386574074077 0.07594039351851856 0.037601273148148096
2 0.5672019675925926 0.19911747685185185 0.05321180555555571 0.04988425925925927
3 0.43914930555555554 0.28304398148148147 0.07183159722222232 0.03346354166666665
5 0.569603587962963 0.2829861111111111 0.035937499999999956 0.054701967592592604
3 0.9860134548611111 0.28857060185185185 0.027973090277777724 0.03551793981481477
0 0.30844907407407407 0.20325520833333333 0.045196759259259256 0.045515046296296324
4 0.7117766203703704 0.2836226851851852 0.07203414351851856 0.03736979166666665
5 0.3125 0.2813802083333333 0.032031249999999956 0.05447048611111116
1 0.43489583333333337 0.20101273148148147 0.04539930555555549 0.049421296296296324
6 0.707421875 0.19963831018518519 0.053009259259259256 0.04597800925925927
7 0.8533998842592592 0.19855324074074074 0.05536747685185173 0.05390624999999999
8 0.9914713541666667 0.2011429398148148 0.017057291666666696 0.040451388888888884