4 0.541015625 0.263671875 0.0625 0.02734375
3 0.412109375 0.2578125 0.068359375 0.02734375
4 0.6640625 0.26953125 0.05859375 0.02734375
1 0.27734375 0.16796875 0.046875 0.04296875
3 0.27734375 0.25 0.072265625 0.03125
7 0.662109375 0.193359375 0.04296875 0.04296875
2 0.412109375 0.17578125 0.05078125 0.046875
0 0.1328125 0.16015625 0.052734375 0.046875
6 0.541015625 0.18359375 0.04296875 0.04296875
5 0.1328125 0.244140625 0.041015625 0.056640625
8 0.779296875 0.19921875 0.041015625 0.04296875
5 0.77734375 0.27734375 0.03125 0.052734375