4 0.39453125 0.353515625 0.041015625 0.01953125
6 0.39453125 0.3046875 0.02734375 0.02734375
3 0.47265625 0.35546875 0.041015625 0.015625
5 0.314453125 0.3515625 0.021484375 0.03515625
4 0.150390625 0.3515625 0.04296875 0.015625
7 0.47265625 0.306640625 0.02734375 0.025390625
3 0.232421875 0.349609375 0.041015625 0.01953125
1 0.232421875 0.30078125 0.02734375 0.02734375
2 0.3125 0.302734375 0.03125 0.03125
5 0.55078125 0.35546875 0.021484375 0.03515625
0 0.150390625 0.30078125 0.03125 0.03125
8 0.55078125 0.30859375 0.02734375 0.02734375