0 0.03469328703703704 0.2968171296296296 0.009100115740740738 0.031336805555555625
5 0.27238136574074073 0.3441550925925926 0.025130208333333348 0.03547453703703707
4 0.19230324074074076 0.3453414351851852 0.048900462962962965 0.020225694444444442
3 0.43644386574074073 0.34172453703703703 0.043243634259259256 0.02209201388888893
4 0.11222511574074076 0.34652777777777777 0.046947337962962965 0.020196759259259234
5 0.35441261574074073 0.34293981481481484 0.025130208333333348 0.03547453703703707
2 0.18508391203703706 0.2945891203703703 0.03428819444444442 0.029759837962962887
6 0.267115162037037 0.2933738425925926 0.03233506944444442 0.02973090277777779
7 0.349146412037037 0.29215856481481484 0.03233506944444442 0.02973090277777779
3 0.04386574074074075 0.3475405092592593 0.016840277777777773 0.011950231481481444
8 0.433130787037037 0.2909143518518519 0.03428819444444442 0.029759837962962887
1 0.10520833333333333 0.297728587962963 0.03233506944444445 0.02973090277777779