4 0.501953125 0.32421875 0.046875 0.021484375
2 0.306640625 0.25390625 0.037109375 0.03515625
3 0.591796875 0.328125 0.046875 0.01953125
3 0.201171875 0.310546875 0.052734375 0.021484375
5 0.306640625 0.314453125 0.025390625 0.041015625
5 0.08984375 0.3046875 0.02734375 0.041015625
4 0.40625 0.3203125 0.05078125 0.021484375
1 0.201171875 0.24609375 0.041015625 0.037109375
6 0.404296875 0.259765625 0.03515625 0.03125
0 0.08984375 0.2421875 0.041015625 0.03515625
8 0.59375 0.271484375 0.03125 0.03125
7 0.501953125 0.265625 0.03515625 0.03125