7 0.275390625 0.380859375 0.015625 0.021484375
4 0.236328125 0.408203125 0.025390625 0.01171875
5 0.08984375 0.390625 0.015625 0.02734375
8 0.3125 0.38671875 0.015625 0.021484375
2 0.193359375 0.369140625 0.01953125 0.021484375
4 0.275390625 0.412109375 0.021484375 0.01171875
5 0.310546875 0.4140625 0.01171875 0.021484375
3 0.142578125 0.396484375 0.02734375 0.015625
0 0.08984375 0.35546875 0.021484375 0.025390625
6 0.236328125 0.375 0.01953125 0.021484375
1 0.14453125 0.36328125 0.01953125 0.021484375