3 0.8666377314814815 0.2009837962962963 0.0708043981481481 0.035286458333333326
4 0.7105034722222222 0.21342592592592594 0.0708043981481481 0.035286458333333326
3 0.5641927083333333 0.2294849537037037 0.07074652777777768 0.031380208333333326
4 0.3085648148148148 0.25269097222222225 0.06095196759259269 0.029137731481481466
2 0.4322048611111111 0.15719039351851852 0.04955150462962965 0.050274884259259245
5 0.43342013888888886 0.23922164351851852 0.030135995370370372 0.057508680555555525
0 0.18841145833333334 0.18786168981481483 0.03969907407407408 0.04412615740740744
5 0.18951099537037036 0.2620804398148148 0.028124999999999956 0.053544560185185164
1 0.3054253472222222 0.1726707175925926 0.04366319444444444 0.04814814814814816
6 0.5628906250000001 0.1415943287037037 0.04952256944444455 0.0483217592592593
8 0.8614583333333333 0.11516203703703703 0.057132523148148096 0.034881365740740744
7 0.707277199074074 0.1275462962962963 0.05342881944444455 0.04843750000000002