3 0.44947916666666665 0.3734809027777778 0.04188368055555558 0.02105034722222221
4 0.36940104166666665 0.3705150462962963 0.04188368055555558 0.02105034722222221
3 0.19735243055555557 0.3602430555555556 0.04188368055555558 0.02105034722222232
6 0.3651041666666667 0.31770833333333337 0.03433159722222223 0.02662037037037046
4 0.11336805555555556 0.35713252314814814 0.04578993055555555 0.02119502314814814
7 0.4472222222222222 0.3226996527777778 0.03059895833333326 0.03038194444444442
2 0.2811197916666667 0.31459780092592593 0.03450520833333337 0.03052662037037035
1 0.19518229166666667 0.3114149305555556 0.03059895833333337 0.03038194444444442
5 0.28337673611111114 0.36537905092592593 0.02109374999999991 0.03587962962962965
5 0.5315104166666667 0.3765190972222222 0.02100694444444451 0.03392650462962965
0 0.10907118055555556 0.30432581018518523 0.036458333333333315 0.03059895833333326
8 0.5312065972222222 0.3258101851851852 0.03059895833333348 0.03038194444444442