7 0.9104600694444445 0.45638020833333337 0.019806134259259256 0.022656250000000044
3 0.838136574074074 0.4884114583333333 0.023104745370370328 0.017057291666666696
4 0.8730902777777778 0.4888020833333333 0.024855324074074092 0.015234374999999911
8 0.9530237268518519 0.45533854166666665 0.02196180555555549 0.02473958333333326
0 0.767751736111111 0.4643229166666667 0.015494791666666785 0.018489583333333393
2 0.833347800925926 0.4609375 0.019806134259259256 0.022656250000000044
6 0.869849537037037 0.4575520833333333 0.021759259259259256 0.02278645833333326
1 0.8005497685185186 0.46263020833333335 0.019806134259259256 0.022656250000000044
5 0.772337962962963 0.48984374999999997 0.015899884259259256 0.02239583333333328
4 0.9137008101851852 0.4876302083333333 0.024855324074074092 0.015234375000000022
5 0.9560619212962963 0.48463541666666665 0.01610243055555549 0.024348958333333393
3 0.8033854166666666 0.48997395833333335 0.020949074074074092 0.01497395833333326