4 0.7505208333333333 0.39778645833333337 0.04079861111111116 0.02213541666666674
4 0.5092013888888889 0.37187499999999996 0.04665798611111116 0.022526041666666607
3 0.6725694444444444 0.390625 0.04275173611111116 0.022265624999999956
5 0.5908854166666666 0.38125 0.02300347222222232 0.04036458333333326
2 0.5955729166666667 0.328515625 0.03385416666666674 0.03138020833333344
0 0.426171875 0.311328125 0.03385416666666674 0.031380208333333326
6 0.6772569444444445 0.337890625 0.03190104166666652 0.03125
1 0.5138888888888888 0.319140625 0.03385416666666652 0.031380208333333326
5 0.4234375 0.36419270833333334 0.02495659722222232 0.040494791666666696
7 0.7552083333333333 0.3450520833333333 0.03190104166666652 0.03125
3 0.8245659722222223 0.4046875 0.040451388888889106 0.01822916666666674
8 0.8310329861111111 0.3540364583333333 0.03190104166666674 0.03125