3 0.5145833333333333 0.41131365740740744 0.033506944444444464 0.01490162037037046
4 0.28020833333333334 0.40263310185185186 0.029600694444444464 0.01475694444444442
4 0.33880208333333334 0.40480324074074076 0.029600694444444464 0.01475694444444442
3 0.21966145833333334 0.400390625 0.033506944444444464 0.01490162037037035
8 0.5157118055555556 0.37427662037037035 0.023958333333333304 0.02430555555555558
0 0.2189236111111111 0.3671875 0.02591145833333336 0.02437789351851849
2 0.3360677083333333 0.3695746527777778 0.025954861111111116 0.02633101851851849
6 0.3965711805555555 0.36986400462962965 0.023958333333333304 0.02430555555555558
1 0.27947048611111114 0.36942997685185186 0.023958333333333304 0.02430555555555558
7 0.4551649305555555 0.3720341435185185 0.023958333333333304 0.02430555555555558
5 0.45598958333333334 0.4091435185185185 0.020095486111111116 0.02611400462962954
5 0.39544270833333334 0.4069010416666667 0.020095486111111116 0.02611400462962965