5 0.7081597222222222 0.44895833333333335 0.016189236111111116 0.026432291666666607
3 0.766796875 0.45481770833333335 0.031553819444444464 0.015755208333333326
1 0.7659722222222223 0.41770833333333335 0.023958333333333304 0.02499999999999991
4 0.8858072916666666 0.4569010416666667 0.033550347222222054 0.017838541666666652
5 0.8233072916666667 0.452734375 0.016189236111111116 0.026432291666666607
4 0.9482638888888889 0.4591145833333333 0.035460069444444464 0.016015624999999978
2 0.8225694444444445 0.41953125 0.023958333333333304 0.02499999999999991
6 0.8869357638888888 0.419921875 0.023958333333333304 0.025000000000000022
0 0.707421875 0.41575520833333335 0.023958333333333304 0.02499999999999991
7 0.9493923611111111 0.42213541666666665 0.025911458333333304 0.025130208333333348
3 0.9994140625 0.46087239583333334 0.0011718750000000444 0.01627604166666663