0 0.361328125 0.287109375 0.037109375 0.03125
1 0.443359375 0.27734375 0.03125 0.03125
2 0.53125 0.2734375 0.0390625 0.033203125
6 0.623046875 0.263671875 0.03515625 0.03515625
7 0.72265625 0.2578125 0.037109375 0.03515625
8 0.828125 0.25 0.037109375 0.037109375
5 0.359375 0.337890625 0.025390625 0.0390625
5 0.623046875 0.326171875 0.02734375 0.044921875
4 0.443359375 0.33203125 0.04296875 0.021484375
3 0.529296875 0.330078125 0.046875 0.021484375
3 0.72265625 0.318359375 0.052734375 0.025390625
4 0.828125 0.3125 0.05078125 0.025390625