4 0.9370370370370371 0.260083912037037 0.06290509259259247 0.029195601851851882
4 0.8139901620370371 0.2564380787037037 0.06290509259259247 0.02919560185185177
3 0.43505497685185185 0.24325810185185187 0.06681134259259258 0.029311342592592604
3 0.30614872685185185 0.23943865740740738 0.06681134259259258 0.029311342592592604
5 0.5620081018518519 0.24701967592592594 0.03197337962962976 0.049754050925925886
5 0.6870081018518519 0.25072337962962965 0.03197337962962976 0.049754050925926
0 0.30496238425925926 0.1593605324074074 0.045587384259259234 0.04625289351851852
1 0.43389756944444446 0.16513310185185184 0.04552951388888893 0.04234664351851852
2 0.5608506944444445 0.1688946759259259 0.04552951388888893 0.04234664351851852
6 0.6878038194444445 0.17265625 0.04162326388888893 0.042230902777777746
7 0.8109085648148149 0.18020833333333333 0.04552951388888893 0.04234664351851852
8 0.9378616898148149 0.1839699074074074 0.04552951388888893 0.04234664351851852