4 0.35043402777777777 0.4114583333333333 0.03151041666666665 0.013802083333333326
3 0.5281684027777778 0.42330729166666664 0.03151041666666665 0.013802083333333326
4 0.28988715277777777 0.407421875 0.03151041666666665 0.013802083333333326
3 0.23129340277777777 0.403515625 0.029557291666666652 0.013671875
8 0.5293402777777778 0.38828125 0.021961805555555713 0.022916666666666696
6 0.4082465277777778 0.38020833333333337 0.02196180555555549 0.022916666666666696
7 0.46875 0.3822916666666667 0.022048611111111116 0.026822916666666696
0 0.23051215277777778 0.368359375 0.021961805555555547 0.022916666666666696
1 0.2910590277777778 0.37239583333333337 0.02196180555555549 0.022916666666666696
2 0.3476996527777778 0.376171875 0.02196180555555549 0.022916666666666696
5 0.47152777777777777 0.41953125 0.020095486111111116 0.02669270833333326
5 0.40902777777777777 0.41536458333333337 0.016189236111111116 0.026432291666666607