3 0.49609375 0.291015625 0.05859375 0.025390625
4 0.60546875 0.296875 0.05078125 0.025390625
3 0.70703125 0.30078125 0.052734375 0.025390625
4 0.26171875 0.28125 0.0625 0.025390625
0 0.134765625 0.201171875 0.05078125 0.041015625
5 0.13671875 0.275390625 0.03515625 0.05078125
2 0.380859375 0.21484375 0.04296875 0.041015625
5 0.380859375 0.28515625 0.03125 0.046875
6 0.49609375 0.22265625 0.037109375 0.037109375
1 0.26171875 0.20703125 0.041015625 0.041015625
8 0.7109375 0.234375 0.03515625 0.037109375
7 0.60546875 0.2265625 0.041015625 0.041015625