3 0.5564959490740741 0.21671006944444443 0.07570891203703711 0.034273726851851816
3 0.8761284722222222 0.1865451388888889 0.09153645833333335 0.03645833333333337
4 0.7113281250000001 0.20072337962962963 0.07766203703703711 0.034302662037037024
4 0.27922453703703703 0.24037905092592593 0.067896412037037 0.034157986111111094
5 0.4110243055555556 0.22864583333333333 0.03927951388888884 0.05908564814814821
0 0.14457465277777778 0.16804108796296297 0.0495804398148148 0.045587384259259234
5 0.15308159722222223 0.25007233796296297 0.03887442129629631 0.055179398148148096
2 0.4021122685185185 0.14270833333333333 0.05719039351851851 0.04375000000000001
6 0.5477864583333334 0.13272569444444443 0.05536747685185173 0.02617187500000001
1 0.2701099537037037 0.15248842592592593 0.05039062500000002 0.053399884259259234
7 0.7012731481481481 0.12262731481481481 0.024855324074074092 0.014019097222222221