4 0.013411458333333334 0.3398003472222222 0.012152777777777776 0.019618055555555625
3 0.3591579861111111 0.33919270833333337 0.04535590277777779 0.019864004629629672
4 0.2732204861111111 0.3398292824074074 0.04730902777777779 0.019878472222222276
3 0.0896267361111111 0.34118923611111107 0.04739583333333336 0.023784722222222276
6 0.2700954861111111 0.287109375 0.03194444444444444 0.031481481481481444
5 0.1833767361111111 0.34049479166666663 0.024262152777777768 0.03728298611111103
7 0.3579861111111111 0.28645833333333337 0.03194444444444444 0.031481481481481444
5 0.44904513888888886 0.3404803240740741 0.024262152777777768 0.03728298611111114
1 0.08841145833333333 0.28650173611111107 0.03389756944444444 0.03149594907407405
2 0.18016493055555555 0.28386863425925923 0.033940972222222254 0.03344907407407405
8 0.4479166666666667 0.2896990740740741 0.03389756944444444 0.03149594907407405
0 0.012196180555555556 0.2851128472222222 0.010503472222222223 0.03327546296296302