4 0.3828125 0.353515625 0.041015625 0.01953125
4 0.13671875 0.349609375 0.04296875 0.01953125
3 0.4609375 0.35546875 0.041015625 0.015625
6 0.37890625 0.3046875 0.02734375 0.02734375
2 0.30078125 0.302734375 0.03125 0.03125
1 0.220703125 0.30078125 0.02734375 0.02734375
3 0.21875 0.349609375 0.04296875 0.01953125
5 0.30078125 0.3515625 0.021484375 0.03515625
0 0.13671875 0.30078125 0.03515625 0.03125
5 0.5390625 0.35546875 0.021484375 0.03515625
7 0.4609375 0.3046875 0.02734375 0.02734375
8 0.5390625 0.30859375 0.02734375 0.02734375