4 0.687427662037037 0.27466724537037035 0.05991030092592586 0.02973090277777768
3 0.0406394675925926 0.2209201388888889 0.05970775462962963 0.02582465277777779
3 0.5584201388888889 0.26316550925925924 0.06752025462962963 0.02640335648148151
4 0.17355324074074074 0.23271122685185186 0.06772280092592592 0.03030960648148151
5 0.30245949074074074 0.24225983796296297 0.03327546296296302 0.04137731481481477
5 0.43146701388888886 0.25376157407407407 0.03728298611111103 0.04361979166666674
8 0.6825376157407408 0.21788194444444445 0.04879918981481479 0.04058159722222221
1 0.18428819444444444 0.17708333333333334 0.05270543981481479 0.04087094907407407
7 0.5535300925925926 0.20638020833333331 0.04263599537037033 0.03428819444444442
0 0.051374421296296297 0.16529224537037035 0.04704861111111111 0.04434317129629628
2 0.30733506944444444 0.18619791666666669 0.046744791666666674 0.03848379629629628
6 0.43243634259259256 0.19741030092592593 0.04263599537037033 0.03428819444444442