0 0.3971354166666667 0.20548321759259258 0.03862847222222221 0.04321469907407405
1 0.49037905092592593 0.18625578703703705 0.03870081018518512 0.04516782407407405
2 0.5933883101851852 0.1664496527777778 0.04658564814814814 0.047583912037037046
6 0.7099247685185186 0.14192708333333334 0.04868344907407396 0.05160590277777777
7 0.8420862268518519 0.11647858796296295 0.05258969907407396 0.05183738425925927
8 0.9788953993055556 0.09252025462962962 0.04220920138888884 0.05160590277777777
4 0.3975694444444444 0.27005208333333336 0.0458622685185186 0.028052662037037046
3 0.49298321759259256 0.25656828703703705 0.05193865740740744 0.03425925925925921
5 0.5959924768518519 0.2367621527777778 0.02922453703703698 0.05240162037037033
4 0.7146990740740741 0.2179832175925926 0.06372974537037046 0.03690682870370371
3 0.8450520833333333 0.19655671296296295 0.07349537037037024 0.037485532407407374
5 0.9841941550925926 0.17236689814814815 0.03161168981481488 0.060908564814814825