0 0.4858940972222222 0.4121383101851852 0.02213541666666674 0.02358217592592593
1 0.5186631944444444 0.41629050925925926 0.02213541666666652 0.02358217592592593
2 0.5518663194444444 0.4165364583333333 0.01996527777777768 0.021614583333333437
6 0.5848524305555556 0.4187355324074074 0.01974826388888884 0.019661458333333326
7 0.6137152777777777 0.4228587962962963 0.01801215277777768 0.021600115740740722
8 0.6430121527777778 0.4230758101851852 0.01779513888888884 0.019646990740740722
4 0.4830729166666667 0.4375289351851852 0.0234375 0.017737268518518423
3 0.5160590277777778 0.43972800925925926 0.0234375 0.017737268518518534
5 0.5492621527777778 0.4399739583333333 0.02018229166666674 0.023567708333333437
4 0.58203125 0.4441261574074074 0.021484375 0.01772280092592593
3 0.6111111111111112 0.4462962962962963 0.01931423611111116 0.015755208333333326
5 0.640625 0.4445601851851852 0.01584201388888884 0.019632523148148118