3 0.4927951388888889 0.40112847222222225 0.03360821759259258 0.015393518518518556
4 0.24670138888888887 0.38836805555555554 0.03165509259259258 0.015292245370370328
4 0.3072482638888889 0.3915075231481482 0.03165509259259258 0.015292245370370328
3 0.18420138888888887 0.38512731481481477 0.03360821759259258 0.015393518518518556
8 0.4959056712962963 0.36216724537037037 0.024131944444444442 0.024652777777777746
0 0.18524305555555556 0.3499710648148148 0.028038194444444442 0.024855324074074092
2 0.30834780092592595 0.3543981481481482 0.028153935185185164 0.028761574074074092
6 0.3709056712962963 0.3556857638888889 0.024131944444444442 0.024652777777777746
1 0.24774305555555554 0.35321180555555554 0.024131944444444442 0.024652777777777857
7 0.4314525462962963 0.3588252314814815 0.024131944444444442 0.024652777777777746
5 0.43224826388888893 0.3979890046296296 0.020341435185185164 0.0283564814814814
5 0.36779513888888893 0.3946469907407407 0.020341435185185164 0.0283564814814814