4 0.712890625 0.302734375 0.05078125 0.025390625
4 0.607421875 0.30078125 0.052734375 0.021484375
2 0.5 0.232421875 0.037109375 0.03515625
0 0.27734375 0.228515625 0.041015625 0.037109375
6 0.607421875 0.234375 0.03515625 0.037109375
5 0.501953125 0.30078125 0.025390625 0.041015625
3 0.390625 0.296875 0.056640625 0.025390625
1 0.390625 0.228515625 0.037109375 0.037109375
5 0.27734375 0.29296875 0.025390625 0.04296875
3 0.81640625 0.3046875 0.052734375 0.021484375
7 0.712890625 0.23828125 0.037109375 0.037109375
8 0.81640625 0.240234375 0.03515625 0.037109375
8 0.03125 0.419921875 0.01171875 0.021484375
8 0.005859375 0.416015625 0.01171875 0.01953125
4 0.0078125 0.4375 0.015625 0.01171875