0 0.27847222222222223 0.2586805555555556 0.03677662037037033 0.03784722222222214
4 0.2730179398148148 0.3153211805555556 0.04207175925925921 0.03211805555555558
1 0.3614438657407407 0.2507378472222222 0.03519965277777781 0.04171006944444444
3 0.3558015046296297 0.30933159722222225 0.049320023148148096 0.026432291666666607
2 0.4486979166666667 0.23897569444444444 0.041247106481481444 0.04379340277777777
5 0.44072627314814816 0.3014322916666667 0.030280671296296302 0.051345486111111116
4 0.5412760416666667 0.29388020833333334 0.052025462962963065 0.03428819444444442
6 0.5435763888888889 0.22934027777777777 0.04301215277777759 0.04188368055555558
7 0.6503616898148148 0.2180121527777778 0.049059606481481444 0.043967013888888906
8 0.7669126157407408 0.20690104166666667 0.05157696759259256 0.04986979166666666
3 0.6416377314814815 0.28828125 0.060026041666666696 0.03641493055555556
5 0.7599537037037036 0.2791666666666667 0.04061053240740753 0.057421874999999956