3 0.75390625 0.263671875 0.06640625 0.02734375
3 0.23828125 0.26171875 0.06640625 0.025390625
4 0.5 0.263671875 0.0625 0.02734375
0 0.109375 0.181640625 0.05078125 0.04296875
5 0.37109375 0.26171875 0.03515625 0.052734375
4 0.62890625 0.263671875 0.0625 0.02734375
6 0.5 0.18359375 0.04296875 0.04296875
2 0.37109375 0.18359375 0.046875 0.04296875
5 0.109375 0.26171875 0.03125 0.052734375
1 0.240234375 0.18359375 0.04296875 0.041015625
8 0.7578125 0.18359375 0.046875 0.04296875
7 0.62890625 0.18359375 0.04296875 0.04296875