0 0.046875 0.333984375 0.025390625 0.025390625
1 0.111328125 0.33203125 0.0234375 0.02734375
2 0.173828125 0.330078125 0.025390625 0.02734375
6 0.2421875 0.330078125 0.025390625 0.029296875
7 0.30859375 0.326171875 0.02734375 0.025390625
8 0.376953125 0.32421875 0.02734375 0.03125
4 0.046875 0.376953125 0.033203125 0.0234375
3 0.111328125 0.376953125 0.033203125 0.021484375
5 0.17578125 0.375 0.01953125 0.033203125
4 0.240234375 0.373046875 0.03515625 0.01953125
3 0.30859375 0.37109375 0.03515625 0.01953125
5 0.376953125 0.369140625 0.021484375 0.033203125