4 0.4154947916666667 0.3061197916666667 0.04894386574074083 0.01888020833333326
4 0.5053385416666667 0.30013020833333337 0.04894386574074083 0.01888020833333326
3 0.03854166666666667 0.33125000000000004 0.04894386574074075 0.01888020833333326
3 0.22604166666666667 0.31875 0.04503761574074072 0.018619791666666607
8 0.507566550925926 0.262890625 0.03339120370370363 0.027604166666666652
2 0.2341579861111111 0.2772135416666667 0.03534432870370374 0.027734374999999978
5 0.3217447916666667 0.3123697916666667 0.02365451388888884 0.030859375000000022
7 0.41773726851851856 0.26692708333333337 0.03337673611111103 0.025651041666666652
5 0.13229166666666667 0.325 0.025607638888888895 0.030989583333333348
0 0.05056423611111111 0.289453125 0.0353443287037037 0.02773437500000009
1 0.1462673611111111 0.2830729166666667 0.03925057870370374 0.02799479166666663
6 0.3259548611111111 0.27109375 0.03339120370370374 0.027604166666666652