3 0.6654079861111111 0.3296875 0.042404513888888884 0.02404513888888893
4 0.7453703703703703 0.3304542824074074 0.04217303240740744 0.02013888888888893
5 0.4042679398148148 0.3237991898148148 0.025520833333333437 0.035503472222222276
5 0.5817708333333333 0.325072337962963 0.02575231481481488 0.039409722222222276
1 0.49918981481481484 0.26970486111111114 0.03493923611111116 0.029788773148148096
2 0.5847800925925926 0.274291087962963 0.031264467592592604 0.03363715277777779
4 0.49583333333333335 0.32634548611111114 0.04607928240740744 0.020196759259259345
0 0.40750868055555556 0.2691116898148148 0.03689236111111116 0.029817708333333304
3 0.8253327546296296 0.33122106481481484 0.04021990740740744 0.02010995370370372
7 0.7486111111111111 0.27576678240740743 0.03103298611111116 0.02973090277777779
6 0.6686487268518518 0.275 0.03103298611111116 0.02973090277777768
8 0.8284577546296297 0.27848668981481484 0.02712673611111116 0.029673032407407485