1 0.421875 0.369140625 0.0234375 0.021484375
2 0.470703125 0.3671875 0.021484375 0.021484375
6 0.52734375 0.369140625 0.021484375 0.021484375
7 0.58203125 0.369140625 0.0234375 0.021484375
8 0.634765625 0.37109375 0.0234375 0.025390625
3 0.36328125 0.40234375 0.02734375 0.01171875
5 0.419921875 0.400390625 0.017578125 0.0234375
4 0.47265625 0.40234375 0.03125 0.01171875
4 0.529296875 0.40234375 0.02734375 0.01171875
3 0.634765625 0.404296875 0.02734375 0.01171875
5 0.580078125 0.400390625 0.015625 0.025390625
0 0.36328125 0.3671875 0.021484375 0.021484375