4 0.169921875 0.29296875 0.05859375 0.025390625
3 0.60546875 0.30859375 0.052734375 0.025390625
5 0.046875 0.28515625 0.03125 0.046875
3 0.396484375 0.30078125 0.056640625 0.025390625
4 0.50390625 0.306640625 0.05078125 0.025390625
2 0.28515625 0.228515625 0.037109375 0.037109375
5 0.28515625 0.29296875 0.02734375 0.04296875
6 0.396484375 0.234375 0.037109375 0.037109375
0 0.046875 0.216796875 0.04296875 0.041015625
1 0.169921875 0.22265625 0.041015625 0.041015625
8 0.60546875 0.24609375 0.037109375 0.03515625
7 0.50390625 0.240234375 0.037109375 0.037109375