8 0.9795283564814814 0.12252604166666667 0.02184606481481488 0.03168402777777779
4 0.6961082175925926 0.2107204861111111 0.07067418981481488 0.03276909722222221
5 0.5437644675925926 0.21410590277777777 0.03935185185185186 0.05742187500000001
5 0.2450810185185185 0.21879340277777778 0.04159432870370372 0.06137152777777777
3 0.39518229166666663 0.21935763888888887 0.07848668981481488 0.03294270833333335
4 0.8424479166666667 0.20941840277777776 0.07458043981481488 0.03285590277777778
0 0.2492042824074074 0.13680555555555557 0.055338541666666685 0.03632812499999999
3 0.9694010416666667 0.2065972222222222 0.02965856481481488 0.03185763888888893
2 0.5499855324074074 0.13012152777777777 0.05338541666666652 0.03628472222222223
1 0.40154803240740744 0.13342013888888887 0.05338541666666674 0.03628472222222223
6 0.7003761574074074 0.1267795138888889 0.05338541666666652 0.03628472222222223
7 0.8488136574074074 0.12348090277777779 0.04947916666666652 0.03619791666666666