0 0.9964482060185185 0.3304759837962963 0.007103587962963065 0.02799479166666674
3 0.9960503472222222 0.3656684027777778 0.007899305555555625 0.02025462962962954
1 0.016218171296296297 0.34939236111111116 0.010575810185185185 0.02770543981481488
2 0.07291666666666666 0.3492476851851852 0.028153935185185164 0.02835648148148151
6 0.13932291666666669 0.3467881944444444 0.028153935185185164 0.0283564814814814
7 0.20383391203703705 0.34635416666666663 0.028153935185185164 0.0283564814814814
8 0.27024016203703705 0.34389467592592593 0.03016493055555558 0.03038194444444442
3 0.019386574074074073 0.39033564814814814 0.0162037037037037 0.02010995370370372
5 0.07602719907407407 0.3882378472222222 0.018619791666666663 0.03580729166666674
5 0.13852719907407407 0.38592303240740744 0.02039930555555558 0.03002025462962954
4 0.20499131944444443 0.38541666666666663 0.03585069444444444 0.02473958333333326
4 0.26944444444444443 0.3830295138888889 0.03378182870370372 0.02076099537037035