3 0.6898437500000001 0.3480034722222222 0.05624999999999991 0.025868055555555602
5 0.5841145833333333 0.3472222222222222 0.028255208333333393 0.04409722222222223
4 0.803515625 0.34717881944444445 0.05624999999999991 0.025868055555555602
2 0.5882812500000001 0.2847222222222222 0.04140625000000009 0.03689236111111116
4 0.48216145833333335 0.34856770833333334 0.05429687499999991 0.025781249999999978
3 0.923046875 0.34661458333333334 0.06419270833333335 0.028168402777777768
0 0.386328125 0.2875 0.03554687500000009 0.03663194444444451
6 0.6942708333333334 0.2815972222222222 0.03776041666666652 0.04062500000000002
5 0.3822916666666667 0.348046875 0.028255208333333393 0.04409722222222223
1 0.48828125 0.2861545138888889 0.03750000000000009 0.03671874999999991
7 0.8080729166666667 0.2788194444444444 0.04166666666666652 0.04079861111111116
8 0.9295572916666667 0.2783420138888889 0.04557291666666674 0.04097222222222219