0 0.25390625 0.22265625 0.052734375 0.044921875
1 0.369140625 0.22265625 0.041015625 0.04296875
2 0.48046875 0.22265625 0.041015625 0.04296875
6 0.591796875 0.224609375 0.041015625 0.04296875
7 0.70703125 0.224609375 0.041015625 0.041015625
8 0.818359375 0.2265625 0.037109375 0.04296875
3 0.25390625 0.291015625 0.056640625 0.029296875
3 0.365234375 0.29296875 0.05859375 0.029296875
5 0.48046875 0.29296875 0.03125 0.048828125
5 0.59375 0.29296875 0.03125 0.052734375
4 0.705078125 0.294921875 0.056640625 0.03125
4 0.818359375 0.294921875 0.0546875 0.033203125