0 0.3990740740740741 0.40410879629629626 0.03428819444444442 0.03114872685185177
1 0.4732928240740741 0.40850694444444446 0.03233506944444442 0.03103298611111116
2 0.5438078703703704 0.4146267361111111 0.032132523148148184 0.02907986111111116
6 0.6178240740740741 0.4170717592592592 0.03233506944444464 0.03103298611111116
7 0.6902922453703704 0.4233072916666667 0.03038194444444442 0.030917245370370328
8 0.7625578703703704 0.42758969907407407 0.030584490740740655 0.03287037037037033
3 0.4037326388888889 0.44903067129629626 0.039337384259259256 0.023683449074074048
3 0.4779513888888889 0.45342881944444446 0.03913483796296302 0.021730324074074048
5 0.5502170138888889 0.45771122685185184 0.022974537037037113 0.03436053240740744
5 0.6224826388888889 0.4619936342592592 0.022974537037037113 0.03436053240740744
4 0.6949508101851851 0.4682291666666667 0.0391348379629628 0.021730324074074048
4 0.7672164351851852 0.47251157407407407 0.035431134259259256 0.023451967592592604