0 0.04296875 0.24609375 0.046875 0.04296875
1 0.154296875 0.26171875 0.037109375 0.04296875
2 0.251953125 0.271484375 0.03515625 0.03515625
6 0.34375 0.28125 0.03515625 0.037109375
7 0.427734375 0.291015625 0.037109375 0.03515625
8 0.501953125 0.30078125 0.029296875 0.041015625
3 0.04296875 0.306640625 0.0625 0.02734375
3 0.154296875 0.318359375 0.056640625 0.021484375
5 0.251953125 0.328125 0.02734375 0.037109375
5 0.34375 0.3359375 0.02734375 0.037109375
4 0.419921875 0.34375 0.05078125 0.017578125
4 0.498046875 0.349609375 0.044921875 0.017578125