3 0.458984375 0.375 0.03515625 0.015625
4 0.658203125 0.376953125 0.037109375 0.015625
3 0.724609375 0.376953125 0.03515625 0.015625
4 0.59375 0.376953125 0.03515625 0.015625
5 0.52734375 0.375 0.01953125 0.03125
2 0.525390625 0.333984375 0.025390625 0.025390625
8 0.724609375 0.337890625 0.025390625 0.025390625
7 0.66015625 0.333984375 0.025390625 0.025390625
5 0.390625 0.373046875 0.01953125 0.02734375
1 0.458984375 0.333984375 0.025390625 0.025390625
6 0.591796875 0.333984375 0.021484375 0.025390625
0 0.388671875 0.33203125 0.02734375 0.021484375
1 0.046875 0.423828125 0.01171875 0.015625
8 0.021484375 0.423828125 0.01171875 0.015625
8 0.134765625 0.43359375 0.01171875 0.01953125
8 0.029296875 0.4296875 0.021484375 0.03515625
8 0.115234375 0.4296875 0.01171875 0.015625
8 0.091796875 0.4375 0.015625 0.037109375
8 0.0703125 0.43359375 0.015625 0.03125
8 0.013671875 0.41796875 0.015625 0.015625