3 0.447265625 0.35546875 0.04296875 0.015625
4 0.3671875 0.353515625 0.041015625 0.01953125
3 0.205078125 0.349609375 0.041015625 0.01953125
6 0.3671875 0.3046875 0.02734375 0.02734375
7 0.44921875 0.3046875 0.02734375 0.02734375
4 0.123046875 0.349609375 0.046875 0.01953125
2 0.287109375 0.30078125 0.03125 0.02734375
5 0.52734375 0.353515625 0.021484375 0.03125
1 0.205078125 0.30078125 0.02734375 0.02734375
5 0.28515625 0.3515625 0.021484375 0.03515625
0 0.12109375 0.30078125 0.03125 0.03125
8 0.52734375 0.306640625 0.02734375 0.025390625