4 0.32122395833333334 0.38331886574074076 0.03359374999999998 0.018561921296296302
3 0.44440104166666666 0.3855324074074074 0.03359374999999998 0.018561921296296302
3 0.5500868055555556 0.3921730324074074 0.02773437500000009 0.018388310185185164
4 0.5012152777777777 0.39166666666666666 0.03164062500000009 0.018504050925925886
2 0.3828993055555555 0.3443576388888889 0.023958333333333304 0.024131944444444442
1 0.3182725694444445 0.3384548611111111 0.023958333333333304 0.024131944444444442
5 0.3837673611111111 0.38342013888888893 0.018272569444444442 0.031770833333333304
5 0.2507378472222222 0.3775896990740741 0.020225694444444442 0.03182870370370372
6 0.44353298611111114 0.3464699074074074 0.02013888888888893 0.02792245370370372
0 0.2497829861111111 0.3346209490740741 0.027864583333333304 0.024247685185185164
8 0.5512152777777778 0.355005787037037 0.018098958333333304 0.023958333333333304
7 0.49835069444444446 0.350708912037037 0.020052083333333304 0.02401620370370372