0 0.16028645833333333 0.278125 0.03402777777777777 0.033333333333333326
1 0.23398437500000002 0.26731770833333335 0.03207465277777777 0.033203125
6 0.3970052083333333 0.24466145833333336 0.03207465277777777 0.033203125
7 0.486328125 0.2328125 0.038107638888888795 0.03554687500000003
8 0.5811631944444444 0.21666666666666667 0.038281250000000044 0.03749999999999998
4 0.238671875 0.32005208333333335 0.04292534722222224 0.024218749999999956
3 0.3185763888888889 0.31276041666666665 0.04683159722222219 0.024479166666666607
3 0.49153645833333337 0.29140625 0.05073784722222219 0.02473958333333326
4 0.588671875 0.27903645833333335 0.053038194444444464 0.028776041666666696
2 0.31354166666666666 0.25611979166666665 0.03402777777777777 0.033333333333333326
5 0.16480034722222223 0.32890625 0.02921006944444443 0.04466145833333335
5 0.40399305555555554 0.301171875 0.03541666666666665 0.04895833333333344