3 0.35546875 0.263671875 0.0625 0.021484375
5 0.48046875 0.265625 0.03515625 0.037109375
3 0.599609375 0.265625 0.0625 0.01953125
4 0.95703125 0.26953125 0.052734375 0.015625
5 0.720703125 0.267578125 0.02734375 0.03515625
4 0.841796875 0.26953125 0.05859375 0.01953125
6 0.7109375 0.21875 0.041015625 0.025390625
2 0.595703125 0.21875 0.046875 0.03125
8 0.94140625 0.220703125 0.04296875 0.02734375
7 0.8203125 0.220703125 0.041015625 0.02734375
0 0.361328125 0.21484375 0.046875 0.02734375
1 0.48046875 0.216796875 0.041015625 0.02734375