4 0.88671875 0.326171875 0.04296875 0.015625
3 0.52734375 0.326171875 0.05078125 0.015625
4 0.974609375 0.326171875 0.05078125 0.015625
3 0.708984375 0.326171875 0.05078125 0.015625
5 0.796875 0.32421875 0.025390625 0.03125
5 0.619140625 0.326171875 0.025390625 0.02734375
2 0.701171875 0.287109375 0.03515625 0.025390625
7 0.87109375 0.2890625 0.03515625 0.021484375
0 0.52734375 0.287109375 0.03515625 0.025390625
8 0.958984375 0.291015625 0.037109375 0.025390625
1 0.615234375 0.287109375 0.03125 0.025390625
6 0.787109375 0.287109375 0.03125 0.025390625