0 0.24864004629629627 0.19089988425925924 0.04619502314814816 0.045298032407407374
1 0.37547743055555555 0.2013888888888889 0.042230902777777746 0.04314236111111114
2 0.4927228009259259 0.2055121527777778 0.04418402777777786 0.043243634259259256
6 0.6156539351851852 0.2157986111111111 0.04223090277777786 0.04314236111111114
7 0.7367476851851852 0.22207754629629628 0.03826678240740744 0.04098668981481479
8 0.8539351851851852 0.22815393518518517 0.03631365740740744 0.040885416666666674
3 0.24638310185185186 0.2670717592592593 0.059403935185185164 0.03038194444444442
5 0.3675347222222222 0.27139756944444443 0.034707754629629606 0.052502893518518556
4 0.49241898148148144 0.2817853009259259 0.06141493055555558 0.03243634259259265
4 0.6135127314814814 0.2880642361111111 0.06141493055555558 0.03243634259259265
3 0.8517939814814814 0.30041956018518523 0.061357060185185164 0.03048321759259265
5 0.7326533564814814 0.29424189814814816 0.030801504629629495 0.05230034722222221