5 0.685546875 0.400390625 0.015625 0.025390625
3 0.7421875 0.40234375 0.029296875 0.013671875
1 0.744140625 0.3671875 0.021484375 0.021484375
4 0.859375 0.39453125 0.03125 0.015625
5 0.798828125 0.396484375 0.015625 0.025390625
4 0.919921875 0.39453125 0.03515625 0.01171875
2 0.798828125 0.36328125 0.021484375 0.021484375
6 0.861328125 0.361328125 0.021484375 0.021484375
0 0.685546875 0.3671875 0.021484375 0.021484375
7 0.921875 0.357421875 0.025390625 0.021484375
3 0.984375 0.392578125 0.03125 0.015625
8 0.984375 0.35546875 0.025390625 0.021484375