5 0.6106770833333334 0.28984374999999996 0.023958333333333304 0.038541666666666696
6 0.7083333333333333 0.22499999999999998 0.03750000000000009 0.03749999999999998
4 0.7065104166666667 0.28151041666666665 0.052213541666666696 0.024869791666666696
2 0.6143229166666666 0.23515625 0.03750000000000009 0.03749999999999998
4 0.43072916666666666 0.3057291666666667 0.044401041666666696 0.024348958333333393
5 0.8983072916666667 0.262890625 0.030078124999999956 0.042838541666666674
7 0.8042968749999999 0.21471354166666667 0.03945312500000009 0.037630208333333304
1 0.5243489583333334 0.24309895833333334 0.036979166666666785 0.029687499999999978
0 0.4342447916666667 0.25299479166666666 0.038932291666666674 0.029817708333333304
8 0.9040364583333333 0.20611979166666666 0.03945312500000009 0.037630208333333304
3 0.5205729166666666 0.2997395833333333 0.04856770833333335 0.028515625000000044