3 0.37890625 0.353515625 0.041015625 0.01953125
3 0.134765625 0.349609375 0.04296875 0.01953125
4 0.30078125 0.349609375 0.04296875 0.01953125
6 0.298828125 0.30078125 0.02734375 0.02734375
7 0.37890625 0.302734375 0.02734375 0.025390625
4 0.05078125 0.34765625 0.04296875 0.021484375
2 0.216796875 0.30078125 0.03515625 0.03125
1 0.134765625 0.298828125 0.03125 0.02734375
5 0.216796875 0.34765625 0.021484375 0.03515625
5 0.4609375 0.3515625 0.021484375 0.03515625
0 0.048828125 0.296875 0.03515625 0.03125
8 0.4609375 0.3046875 0.02734375 0.02734375