3 0.3676359953703704 0.3037760416666667 0.046672453703703765 0.024479166666666607
0 0.2091869212962963 0.2696614583333333 0.03363715277777779 0.031380208333333326
4 0.6521122685185186 0.26927083333333335 0.05253182870370354 0.024869791666666696
3 0.550072337962963 0.28190104166666663 0.052531828703703765 0.024869791666666696
4 0.2852864583333333 0.31315104166666663 0.046672453703703765 0.024479166666666607
1 0.28974247685185184 0.2584635416666667 0.02777777777777779 0.030989583333333348
5 0.45795717592592594 0.29192708333333334 0.028732638888888884 0.04270833333333335
7 0.5569589120370371 0.22122395833333336 0.03802083333333339 0.03749999999999998
2 0.3720920138888889 0.24908854166666666 0.033796296296296324 0.033333333333333326
8 0.6572048611111112 0.20677083333333335 0.04224537037037024 0.04166666666666663
5 0.20504918981481482 0.3204427083333333 0.022395833333333337 0.03645833333333326
6 0.46257233796296293 0.23528645833333334 0.03411458333333339 0.037239583333333326