3 0.326171875 0.353515625 0.041015625 0.01953125
5 0.408203125 0.353515625 0.021484375 0.03125
3 0.564453125 0.35546875 0.041015625 0.01953125
4 0.248046875 0.353515625 0.041015625 0.01953125
7 0.564453125 0.30859375 0.02734375 0.02734375
4 0.48828125 0.35546875 0.04296875 0.01953125
1 0.328125 0.3046875 0.03125 0.02734375
6 0.486328125 0.30859375 0.02734375 0.02734375
5 0.640625 0.35546875 0.01953125 0.03125
0 0.24609375 0.3046875 0.03125 0.02734375
8 0.638671875 0.30859375 0.02734375 0.025390625
2 0.408203125 0.30859375 0.02734375 0.02734375