4 0.7424768518518519 0.33893229166666666 0.04173900462962976 0.020746527777777746
3 0.5939670138888888 0.3452835648148148 0.03768807870370372 0.016724537037037024
4 0.6662326388888888 0.34314236111111107 0.04550057870370372 0.016956018518518468
3 0.9670138888888888 0.33423032407407405 0.03768807870370372 0.016724537037037024
7 0.896556712962963 0.2875434027777778 0.0283564814814814 0.028153935185185164
6 0.820384837962963 0.28980034722222225 0.0283564814814814 0.028153935185185164
1 0.669921875 0.29620949074074077 0.0282841435185186 0.026200810185185164
0 0.59375 0.2984664351851852 0.0282841435185186 0.026200810185185164
5 0.8186487268518519 0.33667534722222225 0.02264178240740744 0.03188657407407414
5 0.8948206018518519 0.3344184027777778 0.02264178240740744 0.03188657407407414
8 0.970775462962963 0.28534432870370374 0.0283564814814814 0.028153935185185164
2 0.744140625 0.29401041666666666 0.0282841435185186 0.026200810185185164