2 0.572265625 0.384765625 0.01953125 0.01953125
0 0.474609375 0.384765625 0.021484375 0.01953125
8 0.71484375 0.3828125 0.021484375 0.021484375
1 0.5234375 0.3828125 0.01953125 0.021484375
5 0.4765625 0.412109375 0.015625 0.021484375
4 0.666015625 0.412109375 0.025390625 0.013671875
3 0.71484375 0.4140625 0.02734375 0.013671875
6 0.619140625 0.3828125 0.01953125 0.01953125
4 0.619140625 0.4140625 0.029296875 0.013671875
0 0.66796875 0.3828125 0.01953125 0.01953125
5 0.572265625 0.412109375 0.015625 0.021484375
3 0.5234375 0.412109375 0.02734375 0.01171875