4 0.51953125 0.283203125 0.056640625 0.02734375
4 0.63671875 0.28515625 0.052734375 0.025390625
3 0.28125 0.28125 0.0625 0.025390625
2 0.28125 0.20703125 0.04296875 0.041015625
1 0.16015625 0.20703125 0.041015625 0.041015625
6 0.40234375 0.2109375 0.041015625 0.041015625
5 0.16015625 0.279296875 0.02734375 0.046875
5 0.400390625 0.28125 0.03125 0.05078125
3 0.041015625 0.279296875 0.056640625 0.02734375
7 0.517578125 0.2109375 0.041015625 0.041015625
0 0.0390625 0.20703125 0.046875 0.04296875
8 0.63671875 0.212890625 0.041015625 0.037109375