3 0.26750578703703703 0.39806134259259257 0.0385561342592593 0.020081018518518512
8 0.4351128472222222 0.3693287037037037 0.02965856481481488 0.03165509259259258
1 0.20406539351851852 0.35810185185185184 0.027560763888888895 0.029673032407407485
3 0.20666956018518517 0.39325810185185184 0.03674768518518523 0.022005208333333304
2 0.2628038194444444 0.3609230324074074 0.02936921296296302 0.027748842592592582
7 0.3783275462962963 0.3665364583333333 0.02936921296296302 0.027748842592592582
6 0.32154224537037035 0.363744212962963 0.02560763888888884 0.029644097222222276
4 0.14807581018518517 0.39239004629629626 0.0366030092592593 0.020052083333333304
4 0.3260995370370371 0.39892939814814815 0.0366030092592593 0.020052083333333304
0 0.1433738425925926 0.35525173611111116 0.035373263888888895 0.029788773148148096
5 0.43757233796296297 0.4025318287037037 0.02184606481481477 0.03153935185185186
5 0.382884837962963 0.4017216435185185 0.02756076388888884 0.029673032407407374