4 0.4828559027777778 0.3233506944444444 0.053515624999999956 0.01953125
4 0.5804253472222223 0.3216869212962963 0.05334201388888893 0.015625
3 0.2816840277777778 0.33080150462962965 0.053515624999999956 0.01953125
3 0.07855902777777778 0.3383246527777778 0.04960937500000001 0.01938657407407407
5 0.3832465277777778 0.3270399305555556 0.032638888888888884 0.03240740740740744
5 0.1801215277777778 0.3345630787037037 0.024826388888888884 0.03211805555555558
8 0.5802951388888888 0.2807436342592593 0.03637152777777786 0.02864583333333326
2 0.29140625 0.2875434027777778 0.04027777777777786 0.0287905092592593
7 0.48272569444444446 0.28240740740740744 0.03619791666666661 0.02473958333333326
0 0.0921875 0.294921875 0.0402777777777778 0.0287905092592593
6 0.387109375 0.28399884259259256 0.04027777777777786 0.0287905092592593
1 0.19374999999999998 0.29116030092592593 0.040277777777777746 0.0287905092592593