3 0.4869936342592593 0.34992766203703707 0.045081018518518534 0.021817129629629672
4 0.13350694444444444 0.3564525462962963 0.045081018518518534 0.021817129629629672
3 0.04364872685185185 0.35516493055555554 0.04900173611111111 0.02379918981481488
4 0.21944444444444444 0.3558159722222222 0.045081018518518534 0.021817129629629672
8 0.48660300925925926 0.29719328703703707 0.031481481481481444 0.031481481481481444
5 0.30732060185185184 0.35321180555555554 0.02177372685185186 0.03922164351851842
6 0.30886863425925926 0.29850983796296293 0.031481481481481444 0.031481481481481444
5 0.39716435185185184 0.3525462962962963 0.02372685185185186 0.03923611111111114
7 0.39675925925925926 0.2978587962962963 0.031481481481481444 0.031481481481481444
0 0.04327256944444444 0.30438368055555554 0.035387731481481485 0.03151041666666665
1 0.13311631944444444 0.3037181712962963 0.0314814814814815 0.031481481481481444
2 0.21903935185185186 0.3011284722222222 0.03151041666666665 0.035387731481481444