3 0.49609375 0.37109375 0.03515625 0.01953125
4 0.62890625 0.36328125 0.03515625 0.01953125
1 0.43359375 0.333984375 0.021484375 0.025390625
0 0.376953125 0.33984375 0.021484375 0.025390625
4 0.560546875 0.3671875 0.03515625 0.015625
3 0.43359375 0.376953125 0.03125 0.015625
5 0.376953125 0.37890625 0.015625 0.02734375
7 0.62890625 0.31640625 0.025390625 0.02734375
5 0.705078125 0.357421875 0.021484375 0.03515625
8 0.70703125 0.310546875 0.03125 0.02734375
6 0.55859375 0.32421875 0.025390625 0.02734375
2 0.494140625 0.328125 0.025390625 0.025390625