0 0.36964699074074076 0.4029224537037037 0.023553240740740722 0.02228009259259256
1 0.42042824074074076 0.40480324074074076 0.025694444444444464 0.02430555555555558
2 0.46535011574074076 0.4064670138888889 0.023553240740740722 0.02228009259259256
6 0.5180844907407407 0.4084201388888889 0.023553240740740833 0.02228009259259256
7 0.5649594907407407 0.41015625 0.023553240740740833 0.02228009259259256
5 0.4212962962962963 0.4340277777777778 0.015928819444444464 0.0239438657407407
3 0.37265625 0.4341724537037037 0.028660300925925863 0.0146846064814814
4 0.4703125 0.43778935185185186 0.028660300925925863 0.01468460648148151
4 0.5210937499999999 0.4396701388888889 0.028660300925925863 0.01468460648148151
5 0.5697337962962963 0.43952546296296297 0.019835069444444464 0.02408854166666663
3 0.6167968749999999 0.44321469907407407 0.028660300925925863 0.01468460648148151
8 0.6137876157407407 0.41196469907407407 0.023553240740740833 0.02228009259259256