4 0.251953125 0.353515625 0.041015625 0.01953125
4 0.328125 0.353515625 0.037109375 0.01953125
3 0.171875 0.353515625 0.04296875 0.01953125
3 0.56640625 0.353515625 0.041015625 0.01953125
0 0.169921875 0.306640625 0.02734375 0.025390625
8 0.56640625 0.3046875 0.02734375 0.02734375
6 0.408203125 0.3046875 0.02734375 0.02734375
1 0.251953125 0.3046875 0.02734375 0.02734375
5 0.486328125 0.3515625 0.021484375 0.03515625
7 0.486328125 0.302734375 0.02734375 0.025390625
5 0.408203125 0.3515625 0.021484375 0.03515625
2 0.328125 0.3046875 0.03125 0.02734375