0 0.15911458333333334 0.11848958333333333 0.06657986111111114 0.012239583333333331
3 0.34075520833333334 0.19440104166666666 0.08476562499999996 0.04075520833333335
4 0.6807725694444444 0.17955729166666667 0.07703993055555558 0.044140625000000044
3 0.9794379340277778 0.16731770833333334 0.04112413194444442 0.03815104166666666
4 0.8449652777777777 0.17447916666666666 0.07695312499999996 0.04023437499999999
5 0.5127604166666666 0.18880208333333334 0.04249131944444429 0.06914062500000001
5 0.1608940972222222 0.19856770833333334 0.04648437500000002 0.07330729166666666
8 0.9877170138888889 0.07682291666666666 0.024565972222222232 0.036979166666666674
6 0.6788194444444444 0.09166666666666667 0.057204861111111116 0.029166666666666674
7 0.8429253472222222 0.08268229166666667 0.04943576388888893 0.030598958333333343
1 0.3388888888888889 0.11041666666666666 0.056944444444444464 0.017447916666666674
2 0.5108072916666666 0.10091145833333334 0.05711805555555571 0.025260416666666674