4 0.46484375 0.376953125 0.03515625 0.015625
4 0.533203125 0.376953125 0.03515625 0.015625
3 0.66796875 0.376953125 0.03515625 0.015625
3 0.330078125 0.373046875 0.03515625 0.015625
1 0.396484375 0.33203125 0.025390625 0.021484375
0 0.328125 0.33203125 0.025390625 0.021484375
5 0.396484375 0.373046875 0.01953125 0.02734375
5 0.599609375 0.375 0.01953125 0.03125
7 0.599609375 0.333984375 0.025390625 0.025390625
2 0.46484375 0.333984375 0.02734375 0.025390625
8 0.66796875 0.333984375 0.025390625 0.025390625
6 0.53125 0.333984375 0.025390625 0.025390625