7 0.2146701388888889 0.36445312500000004 0.019661458333333326 0.024218749999999956
4 0.1689236111111111 0.39379340277777775 0.028559027777777746 0.014887152777777857
5 0.00945095486111111 0.3651041666666667 0.01890190972222222 0.032031249999999956
8 0.2569444444444445 0.37417534722222223 0.019661458333333326 0.024218749999999956
2 0.12408854166666666 0.3467013888888889 0.023567708333333326 0.024392361111111094
4 0.21349826388888887 0.39969618055555556 0.024652777777777746 0.014713541666666607
5 0.2523871527777778 0.40338541666666666 0.015755208333333326 0.02404513888888893
3 0.06662326388888888 0.3755208333333333 0.032812499999999994 0.018967013888888884
0 0.012565104166666665 0.3260416666666667 0.02513020833333333 0.028385416666666607
6 0.17222222222222222 0.35668402777777775 0.023567708333333326 0.024392361111111205
1 0.071875 0.3384982638888889 0.023567708333333326 0.024392361111111094