3 0.5625 0.330078125 0.04296875 0.021484375
3 0.173828125 0.314453125 0.052734375 0.021484375
5 0.27734375 0.31640625 0.025390625 0.041015625
2 0.27734375 0.2578125 0.037109375 0.03515625
4 0.478515625 0.326171875 0.037109375 0.021484375
4 0.376953125 0.32421875 0.052734375 0.021484375
8 0.5625 0.275390625 0.03125 0.03125
5 0.064453125 0.30859375 0.02734375 0.041015625
6 0.376953125 0.263671875 0.03515625 0.03515625
0 0.0625 0.24609375 0.04296875 0.03515625
1 0.173828125 0.251953125 0.03515625 0.03515625
7 0.47265625 0.26953125 0.03125 0.03125