3 0.423828125 0.423828125 0.025390625 0.015625
3 0.466796875 0.42578125 0.02734375 0.017578125
5 0.5078125 0.423828125 0.015625 0.0234375
5 0.546875 0.423828125 0.015625 0.021484375
4 0.58984375 0.42578125 0.025390625 0.015625
4 0.630859375 0.42578125 0.025390625 0.015625
0 0.423828125 0.3984375 0.025390625 0.021484375
1 0.466796875 0.3984375 0.01953125 0.01953125
2 0.505859375 0.3984375 0.021484375 0.01953125
6 0.548828125 0.3984375 0.01953125 0.01953125
7 0.58984375 0.3984375 0.01953125 0.021484375
8 0.630859375 0.400390625 0.017578125 0.021484375