3 0.34780092592592593 0.2991898148148148 0.04571759259259256 0.02314814814814814
5 0.43764467592592593 0.2958622685185185 0.02473958333333337 0.03602430555555558
3 0.611328125 0.2933304398148148 0.04571759259259256 0.02314814814814814
4 0.26186342592592593 0.3023726851851852 0.04571759259259256 0.02314814814814814
7 0.613353587962963 0.2386429398148148 0.03240740740740744 0.032407407407407385
4 0.52734375 0.2964409722222222 0.04962384259259256 0.02329282407407407
1 0.3517795138888889 0.24442997685185183 0.03631365740740744 0.032552083333333315
6 0.527416087962963 0.24182581018518517 0.03240740740740744 0.03240740740740744
5 0.697265625 0.2901475694444444 0.02278645833333326 0.03595196759259256
0 0.2619357638888889 0.24775752314814814 0.03631365740740744 0.03255208333333337
8 0.697265625 0.23748553240740738 0.0322627314814814 0.02850115740740744
2 0.43952546296296297 0.24508101851851852 0.03240740740740744 0.032407407407407385