6 0.7577256944444444 0.3376736111111111 0.027459490740740833 0.02633101851851849
4 0.525217013888889 0.37579571759259256 0.04065393518518512 0.0209780092592593
5 0.9120949074074074 0.39207175925925924 0.022236689814814747 0.03392650462962965
0 0.5210792824074073 0.32501446759259256 0.03559027777777768 0.03052662037037046
4 0.7636574074074074 0.38657407407407407 0.04424189814814827 0.01721643518518512
3 0.605295138888889 0.37876157407407407 0.04456018518518512 0.02112268518518512
3 0.8359230324074074 0.3892505787037037 0.04065393518518512 0.0209780092592593
1 0.601316550925926 0.32993344907407407 0.03136574074074083 0.02647569444444442
2 0.6796006944444444 0.33478009259259256 0.03559027777777768 0.03052662037037046
5 0.6835792824074074 0.38360821759259256 0.022395833333333393 0.03587962962962954
7 0.8319444444444444 0.3404224537037037 0.027459490740740833 0.0263310185185186
8 0.910228587962963 0.3452690972222222 0.03168402777777768 0.03038194444444442