3 0.4320746527777778 0.37044270833333337 0.04056712962962972 0.01649305555555558
4 0.629152199074074 0.36801215277777777 0.036660879629629495 0.016406249999999956
4 0.5650752314814815 0.36553819444444446 0.036660879629629495 0.016406249999999956
8 0.6995081018518519 0.3255208333333333 0.027459490740740833 0.022048611111111116
5 0.3676215277777778 0.371875 0.02235243055555558 0.02973090277777779
3 0.693605324074074 0.3665798611111111 0.032754629629629495 0.016319444444444442
6 0.5686487268518519 0.32842881944444446 0.023929398148148096 0.02586805555555549
2 0.5024305555555556 0.32795138888888886 0.027835648148148096 0.025954861111111116
1 0.43583622685185186 0.3313802083333333 0.027835648148148096 0.025954861111111116
5 0.4986689814814814 0.36701388888888886 0.02235243055555558 0.02973090277777768
0 0.36961805555555555 0.33090277777777777 0.027459490740740722 0.022048611111111116
7 0.6350549768518519 0.326953125 0.027647569444444464 0.024001736111111116
8 0.09868344907407407 0.432421875 0.015552662037037035 0.019835069444444464
2 0.01154513888888889 0.42656249999999996 0.011270254629629634 0.01584201388888884
8 0.03404224537037037 0.43580729166666665 0.01705729166666667 0.035460069444444464
8 0.057291666666666664 0.43723958333333335 0.016681134259259253 0.031553819444444464
8 0.07934027777777777 0.43090277777777775 0.011082175925925919 0.01388888888888884
8 0.019733796296296294 0.4224826388888889 0.021035879629629627 0.01605902777777779
8 0.09105902777777777 0.4306423611111111 0.017505787037037035 0.019878472222222276
8 0.05980902777777777 0.43133680555555554 0.011082175925925919 0.01388888888888884
8 0.015285011574074074 0.43624131944444444 0.030570023148148148 0.02994791666666663