4 0.5396556712962963 0.3535300925925926 0.03952546296296289 0.01591435185185186
4 0.6177228009259259 0.3521556712962963 0.04159432870370372 0.019835069444444464
3 0.4615306712962963 0.3529513888888889 0.03952546296296289 0.01591435185185186
8 0.8564525462962963 0.3031539351851852 0.03016493055555558 0.02951388888888884
3 0.8560040509259259 0.3539207175925926 0.03964120370370372 0.01982060185185186
7 0.7744212962962963 0.30254629629629626 0.03016493055555558 0.02951388888888884
6 0.6963541666666666 0.3039207175925926 0.02614293981481497 0.025578703703703742
1 0.540162037037037 0.3047164351851852 0.03016493055555558 0.02951388888888884
0 0.458130787037037 0.3041087962962963 0.03016493055555558 0.02951388888888884
5 0.6978009259259259 0.3527488425925926 0.02051504629629619 0.03334780092592593
2 0.6162760416666666 0.3033275462962963 0.03004918981481497 0.02560763888888884
5 0.7758680555555555 0.35137442129629626 0.024479166666666607 0.03532986111111103