0 0.3498263888888889 0.3484085648148148 0.023741319444444464 0.026663773148148162
1 0.4025607638888889 0.3452835648148148 0.023741319444444464 0.026663773148148162
2 0.4531684027777778 0.34422743055555555 0.027647569444444464 0.026895254629629606
6 0.5021701388888888 0.33938078703703706 0.023567708333333215 0.024710648148148162
7 0.5547309027777778 0.33820891203703707 0.027647569444444464 0.026895254629629717
8 0.6035590277777778 0.3353153935185185 0.025868055555555713 0.028732638888888884
3 0.346875 0.3816116898148148 0.03281250000000002 0.019429976851851882
5 0.39782986111111107 0.37664930555555554 0.02018229166666674 0.030338541666666607
4 0.45039062500000004 0.3754774305555556 0.02907986111111116 0.021151620370370328
4 0.501171875 0.3724681712962963 0.03315972222222219 0.02333622685185177
5 0.55 0.3695746527777778 0.023914930555555713 0.028616898148148162
3 0.60078125 0.36656539351851847 0.03085937499999991 0.01931423611111116