0 0.1525607638888889 0.17064525462962962 0.047873263888888906 0.046310763888888884
1 0.27569444444444446 0.17038483796296297 0.04600694444444442 0.05015914351851852
2 0.4008246527777778 0.16822916666666665 0.049826388888888906 0.0463686342592593
6 0.5337673611111111 0.16630497685185186 0.051779513888888795 0.046426504629629606
5 0.39913194444444444 0.24440104166666665 0.036371527777777746 0.05572916666666672
4 0.5319878472222223 0.24638310185185186 0.06896701388888893 0.02936921296296291
3 0.2720486111111111 0.24649884259259258 0.06905381944444444 0.03327546296296302
4 0.1508246527777778 0.24877025462962962 0.06310763888888893 0.029195601851851827
5 0.8075954861111111 0.24477719907407408 0.03841145833333326 0.059693287037037024
7 0.6705729166666666 0.1664496527777778 0.05160590277777777 0.038614004629629606
8 0.8093315972222221 0.16665219907407408 0.05147569444444455 0.032754629629629606
3 0.666796875 0.2484230324074074 0.07686631944444455 0.03350694444444441