3 0.8080729166666667 0.2523582175925926 0.07074652777777768 0.031380208333333326
3 0.2592158564814815 0.2341435185185185 0.07071759259259258 0.029427083333333326
4 0.5365885416666667 0.24431423611111108 0.06684027777777768 0.031264467592592604
0 0.11932870370370371 0.1480034722222222 0.05328414351851851 0.03867187500000002
5 0.3978587962962963 0.23629918981481485 0.03794849537037037 0.057740162037037024
4 0.6733072916666667 0.248365162037037 0.06684027777777768 0.031264467592592604
6 0.5353732638888888 0.1622829861111111 0.04745370370370372 0.040451388888888884
2 0.3967013888888889 0.1581741898148148 0.05135995370370372 0.040567129629629606
5 0.12051504629629631 0.2280815972222222 0.03404224537037037 0.0576244212962963
1 0.2580005787037037 0.15211226851851853 0.04742476851851851 0.038498263888888884
8 0.8107638888888888 0.17044270833333333 0.05135995370370372 0.040567129629629606
7 0.6720920138888888 0.16633391203703704 0.04745370370370372 0.040451388888888884