3 0.810546875 0.302734375 0.05859375 0.025390625
5 0.60546875 0.3203125 0.02734375 0.041015625
7 0.8125 0.236328125 0.044921875 0.037109375
8 0.93359375 0.22265625 0.046875 0.041015625
4 0.703125 0.310546875 0.05078125 0.021484375
4 0.43359375 0.3359375 0.04296875 0.0234375
3 0.515625 0.330078125 0.04296875 0.021484375
2 0.60546875 0.26171875 0.03515625 0.03515625
0 0.435546875 0.28125 0.033203125 0.033203125
5 0.93359375 0.291015625 0.03515625 0.05078125
1 0.517578125 0.2734375 0.03125 0.03515625
6 0.703125 0.25 0.037109375 0.03515625