4 0.259765625 0.3515625 0.04296875 0.01953125
4 0.181640625 0.353515625 0.04296875 0.01953125
3 0.103515625 0.353515625 0.04296875 0.01953125
5 0.33984375 0.349609375 0.021484375 0.03125
3 0.5 0.349609375 0.04296875 0.01953125
2 0.259765625 0.30078125 0.03125 0.02734375
5 0.419921875 0.349609375 0.021484375 0.03125
6 0.33984375 0.30078125 0.02734375 0.02734375
0 0.1015625 0.3046875 0.02734375 0.02734375
7 0.419921875 0.30078125 0.02734375 0.02734375
8 0.501953125 0.30078125 0.02734375 0.02734375
1 0.1796875 0.3046875 0.02734375 0.02734375