3 0.45295138888888886 0.2515046296296296 0.06475694444444446 0.027242476851851882
4 0.8119791666666667 0.2447627314814815 0.056944444444444464 0.027010995370370383
3 0.2068576388888889 0.2587962962962963 0.061197916666666685 0.03103298611111105
1 0.33294270833333334 0.1771412037037037 0.046788194444444486 0.04424189814814816
2 0.45972222222222225 0.17533275462962963 0.046961805555555625 0.04619502314814816
4 0.6930121527777777 0.24633969907407408 0.06119791666666652 0.031032986111111105
0 0.21006944444444445 0.17883391203703702 0.05282118055555557 0.0463686342592593
5 0.5740451388888889 0.24791666666666667 0.037890624999999956 0.0537181712962963
7 0.7058159722222221 0.16804108796296297 0.046788194444444375 0.04424189814814816
5 0.328125 0.2532552083333333 0.033984374999999956 0.05360243055555558
6 0.5827690972222221 0.1716869212962963 0.046788194444444375 0.04424189814814816
8 0.8267361111111111 0.16640625 0.048914930555555625 0.04625289351851852