0 0.3067708333333333 0.35078125 0.024001736111111116 0.025911458333333304
1 0.3633680555555555 0.3475694444444445 0.02209201388888893 0.02782118055555549
2 0.419921875 0.3424045138888889 0.025954861111111116 0.025954861111111116
6 0.4822916666666667 0.33515625 0.02404513888888893 0.027864583333333304
7 0.5427951388888889 0.33185763888888886 0.02599826388888893 0.027907986111111116
8 0.6129774305555555 0.3244357638888889 0.02994791666666652 0.02994791666666663
4 0.3075954861111111 0.387890625 0.03168402777777779 0.020225694444444442
3 0.36223958333333334 0.3847222222222222 0.03363715277777779 0.020269097222222143
5 0.4227430555555556 0.3814236111111111 0.024175347222222143 0.033723958333333304
4 0.48124999999999996 0.37621527777777775 0.03563368055555549 0.022265624999999956
3 0.54375 0.37482638888888886 0.03754340277777768 0.020355902777777768
5 0.6119791666666667 0.36744791666666665 0.020225694444444553 0.03168402777777779