3 0.6605902777777778 0.24166666666666667 0.0614872685185186 0.028530092592592593
4 0.7779947916666667 0.24144965277777777 0.0556278935185186 0.02822627314814813
3 0.8875144675925926 0.2396846064814815 0.0575810185185186 0.028327546296296302
4 0.41413483796296297 0.24466145833333333 0.06756365740740744 0.03469328703703706
5 0.5392795138888888 0.24208622685185185 0.0331307870370372 0.05240162037037038
5 0.27712673611111116 0.2439380787037037 0.03718171296296302 0.056510416666666674
2 0.5364583333333334 0.16591435185185185 0.04853877314814814 0.04735243055555555
0 0.27611400462962965 0.16375868055555554 0.05244502314814814 0.04755497685185184
6 0.6578414351851851 0.16744791666666664 0.04253472222222232 0.04314236111111114
8 0.8849103009259259 0.1693721064814815 0.03862847222222232 0.04293981481481479
1 0.4092158564814815 0.16468460648148148 0.04644097222222232 0.043344907407407374
7 0.7713396990740741 0.1674334490740741 0.04253472222222232 0.04314236111111114