0 0.009765625 0.30078125 0.015625 0.03125
5 0.2421875 0.34765625 0.021484375 0.03515625
4 0.1640625 0.349609375 0.046875 0.01953125
3 0.404296875 0.34765625 0.041015625 0.021484375
4 0.083984375 0.349609375 0.04296875 0.01953125
5 0.32421875 0.34765625 0.021484375 0.03515625
2 0.162109375 0.298828125 0.03125 0.02734375
6 0.2421875 0.298828125 0.02734375 0.02734375
7 0.32421875 0.298828125 0.02734375 0.02734375
3 0.01171875 0.349609375 0.0234375 0.01171875
8 0.40625 0.298828125 0.03125 0.02734375
1 0.08203125 0.30078125 0.02734375 0.02734375