4 0.29272280092592595 0.3944010416666667 0.035358796296296235 0.015755208333333326
3 0.48412905092592595 0.38305844907407405 0.035358796296296235 0.015755208333333437
4 0.22631655092592592 0.3983362268518519 0.03535879629629629 0.015755208333333437
3 0.16381655092592592 0.40203993055555554 0.03145254629629629 0.015523726851851771
8 0.48668981481481477 0.3419270833333333 0.023784722222222276 0.024826388888888884
6 0.35583043981481477 0.34968171296296297 0.023784722222222276 0.024826388888888884
7 0.4203125 0.34390914351851853 0.023842592592592693 0.028732638888888884
0 0.16442418981481483 0.36102430555555554 0.02378472222222222 0.024826388888888884
1 0.22887731481481483 0.3572048611111111 0.02378472222222222 0.024826388888888884
2 0.29137731481481477 0.3535011574074074 0.023784722222222276 0.024826388888888884
5 0.42162905092592595 0.3867621527777778 0.021889467592592693 0.02861689814814805
5 0.35522280092592595 0.39069733796296297 0.017983217592592693 0.02838541666666672