7 0.6567418981481481 0.373828125 0.029571759259259256 0.028153935185185164
1 0.4339265046296296 0.3691840277777778 0.03168402777777779 0.03016493055555558
4 0.3501880787037037 0.4117332175925926 0.040494791666666696 0.01873553240740744
5 0.6548755787037037 0.42076099537037037 0.024348958333333393 0.03579282407407414
3 0.4302662037037037 0.4141059027777778 0.040494791666666696 0.01873553240740744
0 0.35400752314814815 0.3648582175925926 0.033478009259259256 0.028269675925925997
4 0.5804976851851852 0.4205150462962963 0.040494791666666696 0.01873553240740744
5 0.7290943287037037 0.4229600694444444 0.024348958333333393 0.03579282407407414
3 0.5026909722222223 0.41429398148148144 0.042447916666666696 0.018793402777777857
2 0.5083043981481481 0.36942997685185186 0.05005787037037024 0.040451388888888884
6 0.5807291666666666 0.36961805555555555 0.040451388888888884 0.042115162037037024
8 0.7329137731481481 0.3760850694444444 0.03475115740740753 0.043894675925926