3 0.6373408564814815 0.438671875 0.022800925925925863 0.014626736111111094
7 0.6720052083333333 0.4149305555555556 0.01750578703703698 0.020225694444444442
5 0.5096354166666666 0.4252170138888889 0.015740740740740833 0.02209201388888893
4 0.5547453703703704 0.4291666666666667 0.026895254629629495 0.016753472222222232
2 0.5931278935185185 0.40364583333333337 0.021600115740740833 0.02235243055555558
8 0.7073495370370371 0.41844618055555555 0.0175057870370372 0.020225694444444442
4 0.6746383101851852 0.4422743055555556 0.022800925925925863 0.014626736111111205
5 0.597902199074074 0.4330295138888889 0.012210648148148096 0.02582465277777779
0 0.5064380787037037 0.3920138888888889 0.02141203703703698 0.02039930555555558
1 0.5536892361111112 0.3980034722222222 0.017693865740740833 0.022178819444444442
6 0.634519675925926 0.409375 0.0175057870370372 0.020225694444444442
3 0.7082175925925926 0.44765625 0.020847800925925863 0.01453993055555558