4 0.5027488425925926 0.2951533564814815 0.04952256944444455 0.02416087962962965
3 0.6881221064814815 0.2982638888888889 0.04952256944444455 0.02416087962962965
3 0.8637297453703704 0.30151909722222225 0.04354745370370372 0.020167824074074137
4 0.7779079861111111 0.2988859953703704 0.04354745370370372 0.020167824074074137
5 0.5983940972222223 0.29568865740740746 0.02459490740740744 0.039409722222222276
1 0.5046006944444444 0.2326533564814815 0.03809317129629641 0.03375289351851851
2 0.5981770833333333 0.2371238425925926 0.034302662037037024 0.03760127314814815
6 0.6918113425925927 0.2396412037037037 0.03418692129629619 0.03369502314814815
5 0.4052662037037037 0.29074074074074074 0.02850115740740744 0.03946759259259258
0 0.4050491898148148 0.23217592592592592 0.0380931712962963 0.03375289351851851
7 0.7795862268518519 0.24224537037037036 0.03028067129629619 0.03363715277777779
8 0.865407986111111 0.2448784722222222 0.03028067129629619 0.03363715277777779