4 0.765625 0.353515625 0.037109375 0.01953125
4 0.52734375 0.34375 0.04296875 0.01953125
3 0.689453125 0.349609375 0.041015625 0.01953125
5 0.609375 0.34765625 0.01953125 0.037109375
2 0.609375 0.294921875 0.03125 0.02734375
0 0.443359375 0.2890625 0.03125 0.02734375
6 0.689453125 0.298828125 0.02734375 0.02734375
1 0.52734375 0.29296875 0.03125 0.02734375
5 0.4453125 0.33984375 0.021484375 0.037109375
7 0.763671875 0.30078125 0.02734375 0.02734375
3 0.837890625 0.35546875 0.037109375 0.015625
8 0.83984375 0.3046875 0.02734375 0.02734375