0 0.39619502314814814 0.2764322916666667 0.030280671296296302 0.03342013888888884
6 0.6760127314814814 0.26092303240740744 0.03424479166666661 0.03540219907407405
2 0.5781828703703704 0.2660590277777778 0.03619791666666661 0.03541666666666665
7 0.7817708333333333 0.2519386574074074 0.03619791666666661 0.03541666666666665
8 0.8952835648148147 0.24496527777777777 0.04217303240740744 0.039366319444444464
5 0.39641203703703703 0.33504050925925927 0.02654803240740744 0.03925057870370374
4 0.4883825231481482 0.3298611111111111 0.05153356481481486 0.025766782407407374
3 0.5803530092592593 0.32468171296296294 0.05739293981481475 0.025810185185185186
5 0.6742766203703703 0.31951678240740744 0.026605902777777857 0.04120370370370363
3 0.7818142361111111 0.31640625 0.05928819444444455 0.02387152777777779
4 0.8913628472222221 0.31135706018518516 0.05928819444444455 0.02387152777777779
1 0.4862123842592593 0.27123842592592595 0.03424479166666661 0.03540219907407405