4 0.5199363425925926 0.278515625 0.06533564814814818 0.028732638888888884
4 0.6449363425925926 0.2812934027777778 0.061429398148148184 0.02864583333333326
3 0.03515625 0.26384548611111114 0.018460648148148157 0.027690972222222276
3 0.140625 0.2661892361111111 0.06924189814814818 0.02881944444444451
1 0.13272569444444446 0.19001736111111112 0.04917534722222222 0.042013888888888906
5 0.39453125 0.2718315972222222 0.03631365740740744 0.04952256944444444
5 0.2693287037037037 0.26710069444444445 0.03671875000000002 0.05342881944444444
2 0.2596788194444445 0.19283854166666667 0.045269097222222276 0.04192708333333334
6 0.3866319444444445 0.19565972222222222 0.049175347222222276 0.042013888888888906
8 0.6370370370370371 0.20512152777777776 0.049175347222222054 0.042013888888888906
7 0.5120370370370371 0.20234375 0.049175347222222054 0.042013888888888906