6 0.482421875 0.318359375 0.02734375 0.029296875
4 0.25 0.353515625 0.04296875 0.021484375
7 0.5546875 0.3203125 0.02734375 0.02734375
8 0.623046875 0.326171875 0.02734375 0.029296875
2 0.41015625 0.314453125 0.03125 0.029296875
1 0.33203125 0.310546875 0.03125 0.029296875
3 0.33203125 0.35546875 0.04296875 0.01953125
5 0.623046875 0.369140625 0.01953125 0.03125
5 0.408203125 0.359375 0.025390625 0.037109375
3 0.552734375 0.365234375 0.037109375 0.01953125
4 0.48046875 0.36328125 0.037109375 0.01953125
0 0.25 0.3046875 0.03515625 0.03125