2 0.4930989583333333 0.19890046296296296 0.04973958333333339 0.04366319444444444
3 0.6106770833333333 0.2827546296296296 0.062369791666666785 0.02824074074074079
4 0.3631510416666667 0.2712673611111111 0.06653645833333333 0.032204861111111094
3 0.8385416666666667 0.2959056712962963 0.056510416666666785 0.028153935185185164
4 0.725390625 0.29227430555555556 0.058463541666666785 0.028182870370370372
0 0.23229166666666667 0.18135127314814814 0.05364583333333328 0.04372106481481486
5 0.487890625 0.27702546296296293 0.036588541666666696 0.051273148148148096
5 0.22708333333333333 0.25947627314814814 0.04075520833333335 0.05523726851851851
6 0.615625 0.20853587962962963 0.043749999999999956 0.04162326388888887
1 0.3686197916666667 0.1892361111111111 0.04583333333333339 0.04360532407407408
7 0.7322916666666667 0.21808449074074074 0.043749999999999956 0.04162326388888887
8 0.8432291666666667 0.2255931712962963 0.043749999999999956 0.04162326388888893