0 0.4601851851851852 0.4189670138888889 0.018851273148148162 0.02187500000000009
1 0.4912037037037037 0.42356770833333335 0.01885127314814805 0.021874999999999978
2 0.5205005787037037 0.42421875 0.01678240740740744 0.019878472222222276
6 0.551634837962963 0.4268663194444444 0.01678240740740744 0.019878472222222276
7 0.5787471064814815 0.43138020833333335 0.014945023148148273 0.021788194444444464
8 0.6060908564814815 0.4319878472222222 0.01482928240740744 0.019835069444444464
4 0.45868055555555554 0.4443576388888889 0.020457175925925997 0.01605902777777779
3 0.4898148148148148 0.44700520833333335 0.020457175925925997 0.01605902777777779
5 0.5191116898148148 0.44765625 0.01689814814814805 0.021831597222222276
4 0.5502459490740741 0.4503038194444444 0.018504050925925997 0.01601562500000009
3 0.5755208333333334 0.45282118055555554 0.016435185185185164 0.014019097222222276
5 0.6049334490740741 0.4515190972222222 0.01287615740740744 0.019791666666666652