5 0.244140625 0.3819444444444444 0.017578125 0.028124999999999956
8 0.548828125 0.3700954861111111 0.021484375 0.024392361111111205
5 0.369140625 0.39140624999999996 0.017578125 0.028124999999999956
4 0.4921875 0.40078125 0.03125 0.015060763888888884
2 0.369140625 0.35429687499999996 0.0234375 0.024479166666666607
1 0.310546875 0.3516927083333333 0.0234375 0.024479166666666607
3 0.306640625 0.38667534722222224 0.03125 0.018967013888888884
0 0.2421875 0.3447482638888889 0.02734375 0.028559027777777857
6 0.431640625 0.3570746527777778 0.0234375 0.02447916666666672
3 0.546875 0.4051649305555556 0.03125 0.018967013888888884
7 0.490234375 0.36163194444444446 0.021484375 0.022439236111111205
4 0.4296875 0.3960503472222222 0.03515625 0.019140625000000022