3 0.9695529513888889 0.17265625 0.060894097222222276 0.03255208333333337
4 0.8348524305555556 0.18033854166666669 0.07160011574074066 0.03580729166666663
5 0.5438368055555556 0.19973958333333336 0.041030092592592604 0.05898437499999998
4 0.6922743055555556 0.18984375 0.07550636574074066 0.03606770833333334
3 0.3993055555555556 0.209375 0.07550636574074066 0.03606770833333334
5 0.2528211805555556 0.219140625 0.041435185185185186 0.06289062500000003
0 0.2437065972222222 0.13124999999999998 0.05739293981481486 0.04843750000000002
2 0.5347222222222222 0.11184895833333333 0.05739293981481475 0.04843750000000002
6 0.6812065972222222 0.10208333333333333 0.05543981481481475 0.04830729166666664
1 0.3901909722222222 0.121484375 0.05153356481481475 0.04804687499999999
7 0.8278935185185186 0.09427083333333333 0.05759548611111098 0.05039062500000002
8 0.9704716435185186 0.084765625 0.05564236111111098 0.05026041666666667