0 0.20173611111111112 0.20666956018518517 0.049927662037037024 0.03964120370370372
1 0.3208767361111111 0.20049189814814816 0.0459056712962963 0.035532407407407374
6 0.5532986111111111 0.18844039351851852 0.04395254629629619 0.035431134259259256
8 0.783883101851852 0.18039641203703705 0.04590567129629619 0.035532407407407374
7 0.6686487268518518 0.18637152777777777 0.05193865740740744 0.04169560185185184
3 0.1915798611111111 0.26001157407407405 0.06503182870370372 0.022873263888888884
4 0.31657986111111114 0.25353009259259257 0.06319444444444455 0.026678240740740766
5 0.43767361111111114 0.24725115740740738 0.03057002314814805 0.04448784722222221
5 0.556814236111111 0.24107349537037037 0.03424479166666661 0.036877893518518556
3 0.6779658564814814 0.23674768518518519 0.06503182870370372 0.022873263888888884
4 0.7952112268518519 0.2326244212962963 0.05928819444444455 0.02647569444444442
2 0.4380642361111111 0.19441550925925927 0.0400462962962963 0.035228587962962965