3 0.708984375 0.34375 0.04296875 0.01953125
4 0.45703125 0.341796875 0.04296875 0.021484375
4 0.541015625 0.34375 0.04296875 0.01953125
3 0.283203125 0.33984375 0.046875 0.01953125
1 0.37109375 0.2890625 0.02734375 0.02734375
0 0.283203125 0.2890625 0.03515625 0.02734375
7 0.626953125 0.29296875 0.02734375 0.02734375
2 0.45703125 0.291015625 0.03125 0.03125
5 0.37109375 0.33984375 0.021484375 0.037109375
5 0.626953125 0.341796875 0.021484375 0.03515625
6 0.54296875 0.291015625 0.02734375 0.03125
8 0.7109375 0.29296875 0.02734375 0.02734375