0 0.21600115740740738 0.2888454861111111 0.03038194444444442 0.03016493055555558
3 0.3875868055555556 0.3287326388888889 0.04774305555555558 0.024826388888888884
4 0.6741174768518519 0.3046006944444445 0.04969618055555558 0.0248842592592593
3 0.5708188657407407 0.31352719907407406 0.05360243055555536 0.025000000000000022
4 0.2999131944444444 0.33719618055555556 0.04369212962962954 0.020804398148148162
1 0.2978153935185185 0.28055555555555556 0.03052662037037046 0.03407118055555558
5 0.47728587962962965 0.3221643518518518 0.0248842592592593 0.03975694444444444
7 0.5704571759259259 0.2509693287037037 0.03848379629629628 0.038208912037037024
2 0.38548900462962965 0.2720920138888889 0.03443287037037046 0.0341869212962963
6 0.4730902777777778 0.26167534722222224 0.03443287037037035 0.0341869212962963
5 0.21997974537037038 0.34347511574074074 0.026837384259259245 0.03981481481481486
8 0.673755787037037 0.24204282407407407 0.04043692129629628 0.03826678240740744