3 0.68359375 0.310546875 0.052734375 0.021484375
5 0.58203125 0.314453125 0.025390625 0.041015625
4 0.79296875 0.3046875 0.052734375 0.021484375
2 0.58203125 0.25390625 0.037109375 0.03515625
4 0.484375 0.3203125 0.05078125 0.021484375
3 0.904296875 0.30078125 0.05859375 0.025390625
0 0.390625 0.267578125 0.03125 0.03515625
6 0.68359375 0.24609375 0.03515625 0.037109375
5 0.390625 0.32421875 0.025390625 0.041015625
1 0.486328125 0.26171875 0.03515625 0.03515625
7 0.791015625 0.240234375 0.037109375 0.037109375
8 0.908203125 0.234375 0.041015625 0.037109375