3 0.7347945601851852 0.3311631944444444 0.05095486111111103 0.024189814814814747
6 0.5271846064814815 0.2499710648148148 0.03736979166666665 0.03570601851851851
4 0.6351562500000001 0.32578125 0.05095486111111125 0.024189814814814747
2 0.4118923611111111 0.2404513888888889 0.041319444444444464 0.04162326388888893
4 0.5257523148148149 0.32025462962962964 0.05486111111111125 0.024247685185185164
3 0.29519675925925926 0.3051215277777778 0.06270254629629624 0.028269675925925997
5 0.41436631944444446 0.31079282407407405 0.03161168981481488 0.04929108796296289
0 0.17155671296296296 0.22322048611111112 0.049131944444444464 0.04173900462962965
1 0.29466145833333335 0.23285590277777776 0.041319444444444464 0.04162326388888887
7 0.6346498842592593 0.257421875 0.037384259259259256 0.03765914351851851
5 0.1701533564814815 0.2974103009259259 0.03161168981481477 0.04929108796296289
8 0.7362702546296296 0.26673900462962963 0.03541666666666665 0.035677083333333304