0 0.134375 0.3080729166666667 0.03217592592592594 0.03333333333333344
1 0.2125 0.3028645833333333 0.03022280092592594 0.033203125
2 0.28671875 0.29791666666666666 0.030222800925925997 0.033203125
6 0.3649016203703704 0.29466145833333335 0.02821180555555558 0.031119791666666674
7 0.441015625 0.28763020833333336 0.030222800925925997 0.033203125
8 0.5172453703703703 0.2845052083333333 0.02821180555555558 0.031119791666666674
3 0.13381076388888888 0.355078125 0.03969907407407408 0.02408854166666674
3 0.21199363425925927 0.35182291666666665 0.03969907407407408 0.02408854166666674
5 0.2900607638888889 0.34466145833333334 0.02459490740740744 0.04062500000000002
5 0.36629050925925927 0.34153645833333335 0.022583912037037024 0.038541666666666696
4 0.4405092592592592 0.33658854166666663 0.03981481481481475 0.02799479166666674
4 0.5186342592592592 0.33138020833333337 0.03780381944444455 0.025911458333333304