4 0.53125 0.330078125 0.04296875 0.021484375
3 0.623046875 0.326171875 0.046875 0.021484375
3 0.82421875 0.31640625 0.056640625 0.025390625
4 0.935546875 0.30859375 0.052734375 0.021484375
5 0.72265625 0.3203125 0.025390625 0.041015625
0 0.443359375 0.28125 0.03125 0.03125
5 0.4453125 0.333984375 0.021484375 0.037109375
1 0.53125 0.275390625 0.03125 0.03125
2 0.623046875 0.267578125 0.03515625 0.03515625
6 0.72265625 0.259765625 0.037109375 0.03125
7 0.82421875 0.25390625 0.037109375 0.03515625
8 0.9375 0.244140625 0.04296875 0.037109375