5 0.5841290509259259 0.28456307870370373 0.027387152777777812 0.04171006944444444
6 0.6938512731481481 0.21704282407407408 0.04282407407407396 0.040219907407407385
4 0.6897858796296297 0.27948495370370374 0.056944444444444464 0.025057870370370328
2 0.5899594907407408 0.2240162037037037 0.04282407407407396 0.040219907407407385
4 0.38453414351851856 0.2943721064814815 0.051085069444444464 0.0248842592592593
5 0.9034288194444444 0.26536458333333335 0.0355758101851853 0.045847800925925886
7 0.7996961805555556 0.21001157407407406 0.04477719907407396 0.040277777777777746
1 0.4882089120370371 0.22897858796296294 0.04207175925925921 0.03240740740740744
0 0.3901765046296296 0.2357783564814815 0.04402488425925921 0.032465277777777746
8 0.9114004629629631 0.202806712962963 0.04477719907407396 0.040277777777777746
3 0.4841435185185185 0.2914207175925926 0.05536747685185184 0.028906250000000022