4 0.46260127314814814 0.3480179398148148 0.03768807870370372 0.016724537037037024
4 0.5348668981481481 0.34587673611111114 0.03768807870370372 0.016724537037037024
3 0.6774450231481481 0.34165219907407407 0.03768807870370372 0.016724537037037024
3 0.3199508101851852 0.35028935185185184 0.03768807870370372 0.016724537037037024
1 0.38859953703703703 0.3032841435185185 0.02821180555555558 0.024247685185185164
0 0.31633391203703703 0.30542534722222225 0.02821180555555558 0.024247685185185164
5 0.3902633101851852 0.3482060185185185 0.02061631944444442 0.02987557870370372
5 0.6051070601851851 0.3418402777777778 0.02076099537037024 0.03378182870370372
7 0.603515625 0.2988715277777778 0.0283564814814814 0.028153935185185164
2 0.4609375 0.3030960648148148 0.03030960648148151 0.02821180555555558
8 0.677734375 0.2966724537037037 0.0283564814814814 0.028153935185185164
6 0.53125 0.30101273148148144 0.0283564814814814 0.028153935185185164