3 0.42118055555555556 0.30125868055555555 0.057204861111111116 0.026229745370370372
4 0.5304253472222222 0.30873842592592593 0.051345486111111116 0.02614293981481486
4 0.18893229166666667 0.2900028935185185 0.06315104166666669 0.030222800925925997
3 0.6338541666666667 0.31417824074074074 0.055251736111111116 0.026200810185185164
5 0.3080295138888889 0.2937210648148148 0.030295138888888906 0.04535590277777779
0 0.06566840277777777 0.21002604166666666 0.04574652777777777 0.037774884259259234
6 0.42269965277777777 0.23289930555555555 0.037890624999999956 0.03570601851851851
2 0.30755208333333334 0.22728587962962962 0.03793402777777777 0.03765914351851851
5 0.0640625 0.28229166666666666 0.03229166666666666 0.047337962962963
1 0.19053819444444445 0.21773726851851852 0.04184027777777777 0.03771701388888887
8 0.6353298611111111 0.24777199074074074 0.03598090277777777 0.037630208333333304
7 0.5319444444444444 0.24037905092592593 0.037890624999999956 0.03570601851851851