4 0.054557291666666674 0.3320746527777778 0.04952256944444444 0.0248842592592593
2 0.24798900462962964 0.2580439814814815 0.038208912037037024 0.038208912037037024
4 0.3438512731481481 0.31569733796296295 0.05739293981481475 0.027068865740740744
3 0.44547164351851853 0.3107349537037037 0.05733506944444444 0.025115740740740744
5 0.24613715277777778 0.32054398148148144 0.030627893518518523 0.04578993055555558
1 0.1502170138888889 0.26484375 0.0341869212962963 0.0341869212962963
6 0.34576099537037036 0.25124421296296295 0.038208912037037024 0.038208912037037024
8 0.5510127314814814 0.23930844907407406 0.040162037037037024 0.03826678240740744
7 0.44548611111111114 0.24438657407407408 0.040162037037037024 0.038266782407407385
3 0.1484230324074074 0.325390625 0.05342881944444444 0.025000000000000022
0 0.05629340277777778 0.2734809027777778 0.038208912037037024 0.038208912037037024
5 0.5511140046296297 0.3017505787037037 0.030685763888888884 0.04774305555555558