3 0.34683159722222223 0.3573929398148148 0.032031249999999956 0.01942997685185177
3 0.29613715277777775 0.3623553240740741 0.028124999999999956 0.019198495370370328
5 0.2512152777777778 0.3650173611111111 0.020920138888888884 0.03240740740740744
5 0.5162326388888889 0.3356047453703704 0.022960069444444287 0.03447627314814816
4 0.3993923611111111 0.3503616898148148 0.033984374999999956 0.019545717592592604
4 0.4578125 0.34298321759259265 0.029991319444444442 0.01736111111111116
8 0.5162760416666666 0.2925202546296296 0.024565972222222232 0.026779513888888884
6 0.3974826388888889 0.30739293981481486 0.020572916666666607 0.02459490740740744
1 0.2944010416666667 0.3232928240740741 0.020572916666666607 0.02459490740740744
0 0.24574652777777778 0.3300925925925926 0.020659722222222232 0.02654803240740744
2 0.344921875 0.3144241898148148 0.024565972222222232 0.026779513888888884
7 0.45386284722222225 0.2981770833333333 0.024565972222222232 0.026779513888888884