0 0.0625 0.28294270833333335 0.029296875 0.03125
1 0.140625 0.26796875 0.02734375 0.035026041666666674
2 0.220703125 0.25872395833333334 0.02734375 0.031119791666666674
6 0.306640625 0.24518229166666666 0.029296875 0.03125
7 0.3984375 0.233203125 0.033203125 0.03932291666666665
8 0.494140625 0.21901041666666665 0.037109375 0.039583333333333304
5 0.064453125 0.335546875 0.01953125 0.03841145833333326
4 0.142578125 0.32643229166666665 0.04296875 0.026302083333333393
3 0.220703125 0.31731770833333334 0.041015625 0.022265624999999956
5 0.306640625 0.30377604166666666 0.0234375 0.04257812500000002
3 0.400390625 0.2955729166666667 0.056640625 0.027213541666666674
4 0.494140625 0.28346354166666665 0.05078125 0.026822916666666696