0 0.2807291666666667 0.25946180555555554 0.04615162037037046 0.04097222222222219
1 0.38017939814814816 0.2658420138888889 0.040133101851851816 0.038758680555555536
2 0.47588252314814816 0.2700954861111111 0.04388020833333339 0.036979166666666674
6 0.5735387731481482 0.2744357638888889 0.03802083333333339 0.03671874999999991
7 0.6711950231481482 0.2787760416666667 0.03997395833333339 0.036805555555555536
8 0.7686921296296296 0.2850694444444445 0.036226851851851816 0.03858506944444451
3 0.2738425925925926 0.319921875 0.05121527777777779 0.03146701388888884
3 0.3736111111111111 0.3223958333333333 0.05089699074074072 0.02756076388888884
5 0.47094907407407405 0.3306423611111111 0.030844907407407307 0.044184027777777746
5 0.568605324074074 0.3349826388888889 0.03295717592592595 0.04622395833333326
4 0.666261574074074 0.3393229166666667 0.051056134259259256 0.02951388888888884
4 0.761964699074074 0.34357638888888886 0.051056134259259256 0.02951388888888884