4 0.583984375 0.34375 0.04296875 0.01953125
3 0.4140625 0.33984375 0.046875 0.01953125
1 0.416015625 0.291015625 0.02734375 0.03125
5 0.326171875 0.33984375 0.021484375 0.03515625
7 0.66796875 0.29296875 0.02734375 0.02734375
5 0.5 0.33984375 0.025390625 0.037109375
3 0.75 0.345703125 0.04296875 0.021484375
4 0.66796875 0.34375 0.041015625 0.01953125
8 0.75 0.294921875 0.03125 0.02734375
6 0.583984375 0.29296875 0.03125 0.02734375
2 0.5 0.291015625 0.03125 0.03125
0 0.326171875 0.28515625 0.03515625 0.02734375
8 0.01953125 0.419921875 0.01171875 0.015625
8 0.06640625 0.42578125 0.01171875 0.01953125
8 0.017578125 0.439453125 0.009765625 0.015625
8 0.04296875 0.431640625 0.015625 0.037109375
8 0.029296875 0.423828125 0.02734375 0.02734375
8 0.048828125 0.419921875 0.015625 0.015625