3 0.24852430555555557 0.2927372685185185 0.06607349537037038 0.030685763888888884
0 0.24205729166666667 0.21666666666666667 0.047468171296296324 0.045298032407407374
1 0.3731481481481481 0.21378761574074073 0.04344618055555549 0.04314236111111114
4 0.5005931712962963 0.2816261574074074 0.06435185185185177 0.034490740740740655
4 0.6236400462962963 0.27524594907407407 0.064351851851852 0.034490740740740766
5 0.7466869212962963 0.2688657407407407 0.03816550925925921 0.052604166666666674
5 0.37340856481481477 0.284302662037037 0.03816550925925921 0.052604166666666674
3 0.8700810185185185 0.2683449074074074 0.06607349537037033 0.030685763888888884
6 0.6171730324074074 0.19917534722222222 0.04735243055555549 0.04334490740740743
2 0.4941261574074074 0.20555555555555555 0.04735243055555549 0.043344907407407374
8 0.8633825231481482 0.18836805555555555 0.04344618055555571 0.04314236111111108
7 0.7421730324074074 0.19269386574074074 0.047583912037036935 0.04725115740740743