4 0.3329861111111111 0.3874855324074074 0.03493923611111116 0.019777199074074048
3 0.3896267361111111 0.3879050925925926 0.03298611111111116 0.019762731481481444
4 0.5009548611111111 0.3887297453703704 0.03103298611111116 0.01974826388888884
3 0.4443142361111111 0.38831018518518523 0.03103298611111116 0.01974826388888884
7 0.558767361111111 0.353978587962963 0.025520833333333215 0.023611111111111027
0 0.33611111111111114 0.3523292824074074 0.025694444444444464 0.025564236111111138
8 0.613454861111111 0.3543836805555556 0.021614583333333215 0.02358217592592593
5 0.5575954861111111 0.38914930555555555 0.022309027777777768 0.03139467592592593
2 0.44743923611111114 0.3531539351851852 0.025520833333333437 0.023611111111111138
5 0.6103298611111111 0.3895399305555556 0.02000868055555549 0.027473958333333437
6 0.5040798611111111 0.35357349537037036 0.025694444444444464 0.025564236111111138
1 0.39275173611111114 0.3527488425925926 0.025520833333333437 0.023611111111111138