3 0.42256944444444444 0.29017650462962963 0.06733217592592589 0.031741898148148096
3 0.3013020833333333 0.28342013888888884 0.06721643518518516 0.027835648148148096
4 0.5457320601851852 0.29499421296296297 0.059403935185185164 0.02777777777777779
7 0.6550925925925926 0.22941261574074073 0.04021990740740744 0.03935185185185186
4 0.6552806712962962 0.30166377314814813 0.05538194444444455 0.023842592592592582
2 0.422265625 0.21401909722222223 0.04223090277777786 0.041319444444444464
1 0.2990451388888889 0.2072482638888889 0.046137152777777746 0.04134837962962962
0 0.16996527777777778 0.20043402777777777 0.05015914351851852 0.045283564814814825
6 0.5416377314814815 0.22271412037037036 0.04223090277777786 0.041319444444444464
5 0.766724537037037 0.30639467592592595 0.028674768518518468 0.045124421296296235
8 0.7646412037037037 0.2360821759259259 0.04021990740740744 0.03935185185185186
5 0.17222222222222222 0.27660590277777775 0.03281250000000002 0.052965856481481444