3 0.26953125 0.25390625 0.06640625 0.02734375
2 0.40234375 0.173828125 0.05078125 0.046875
4 0.66796875 0.255859375 0.0625 0.03125
5 0.404296875 0.25390625 0.03515625 0.052734375
3 0.798828125 0.2578125 0.06640625 0.02734375
4 0.5390625 0.2578125 0.06640625 0.02734375
0 0.13671875 0.17578125 0.046875 0.04296875
6 0.53515625 0.17578125 0.046875 0.04296875
5 0.13671875 0.25390625 0.03125 0.052734375
1 0.271484375 0.173828125 0.04296875 0.046875
8 0.80078125 0.177734375 0.046875 0.04296875
7 0.66796875 0.17578125 0.04296875 0.04296875