0 0.115234375 0.29296875 0.02734375 0.03125
1 0.189453125 0.287109375 0.02734375 0.03125
2 0.263671875 0.28125 0.02734375 0.03125
6 0.34765625 0.275390625 0.03125 0.03125
7 0.431640625 0.26953125 0.03125 0.03125
8 0.525390625 0.26171875 0.03125 0.03125
5 0.115234375 0.341796875 0.01953125 0.03515625
4 0.189453125 0.33984375 0.041015625 0.01953125
3 0.265625 0.337890625 0.037109375 0.01953125
3 0.43359375 0.326171875 0.046875 0.021484375
4 0.525390625 0.32421875 0.052734375 0.029296875
5 0.34765625 0.33203125 0.025390625 0.037109375