4 0.42400173611111114 0.3389756944444444 0.04275173611111116 0.02105034722222232
4 0.169921875 0.34642650462962965 0.046657986111111105 0.02119502314814814
3 0.5042534722222223 0.33796296296296297 0.042404513888888884 0.01714409722222221
6 0.41575520833333335 0.29029224537037035 0.03190104166666674 0.03038194444444442
2 0.3335503472222222 0.2913773148148148 0.036154513888888906 0.03443287037037035
1 0.2513454861111111 0.29246238425925924 0.03190104166666663 0.03038194444444442
3 0.25390625 0.3433159722222222 0.04665798611111116 0.02119502314814814
5 0.33984375 0.34013310185185186 0.026562500000000044 0.03602430555555558
0 0.16328125 0.29376446759259256 0.038107638888888906 0.03450520833333326
5 0.5843315972222223 0.3349971064814815 0.026562499999999822 0.03602430555555558
7 0.49973958333333335 0.28718171296296297 0.03190104166666674 0.03038194444444442
8 0.5799913194444444 0.2861689814814815 0.03190104166666652 0.03038194444444442