4 0.71875 0.36328125 0.037109375 0.01953125
3 0.5703125 0.36328125 0.041015625 0.015625
4 0.64453125 0.36328125 0.037109375 0.01953125
3 0.9453125 0.361328125 0.041015625 0.015625
6 0.79296875 0.31640625 0.025390625 0.025390625
8 0.9453125 0.31640625 0.02734375 0.025390625
5 0.79296875 0.36328125 0.01953125 0.03125
0 0.5703125 0.318359375 0.02734375 0.025390625
5 0.87109375 0.36328125 0.021484375 0.03125
1 0.64453125 0.31640625 0.025390625 0.02734375
2 0.71875 0.31640625 0.03125 0.02734375
7 0.87109375 0.314453125 0.02734375 0.02734375