2 0.2953125 0.3768373842592593 0.035648148148148096 0.026374421296296302
8 0.4577980324074074 0.385546875 0.03211805555555558 0.03016493055555558
3 0.23991608796296296 0.4083043981481481 0.035083912037037035 0.02051504629629619
1 0.2384837962962963 0.37320601851851853 0.028023726851851838 0.028096064814814747
4 0.179369212962963 0.40651041666666665 0.036660879629629606 0.016666666666666607
7 0.4050636574074074 0.38398437500000004 0.028023726851851838 0.028096064814814747
0 0.1798900462962963 0.3714699074074074 0.029976851851851838 0.028153935185185164
6 0.3501880787037037 0.3804108796296296 0.028023726851851838 0.028096064814814747
3 0.2986979166666667 0.4119936342592593 0.03508391203703698 0.020515046296296302
4 0.35747974537037036 0.4156828703703703 0.03684895833333335 0.018619791666666607
5 0.4080729166666667 0.415234375 0.02235243055555558 0.02987557870370372
5 0.4609953703703704 0.41875 0.02254050925925921 0.03182870370370372