3 0.8531973379629629 0.2610966435185185 0.058868634259259256 0.027763310185185186
1 0.3771412037037037 0.1865451388888889 0.04224537037037035 0.03935185185185186
0 0.2540943287037037 0.18745659722222222 0.05037615740740742 0.04331597222222222
3 0.25 0.26166087962962964 0.06472800925925926 0.027806712962963
5 0.37320601851851853 0.2587962962962963 0.033434606481481444 0.05099826388888884
2 0.5001880787037036 0.18563368055555557 0.04615162037037024 0.03938078703703707
4 0.49609375 0.25983796296296297 0.06277488425925926 0.027792245370370394
5 0.7342158564814815 0.26002604166666665 0.033434606481481444 0.05099826388888884
4 0.6149160879629629 0.26286168981481484 0.06277488425925926 0.027792245370370283
6 0.6212818287037036 0.1847366898148148 0.04224537037037024 0.03935185185185186
8 0.8572916666666667 0.18689236111111113 0.04224537037037046 0.03935185185185186
7 0.7401041666666667 0.18776041666666665 0.04615162037037046 0.03938078703703707