3 0.5038628472222222 0.3064236111111111 0.058897569444444464 0.027907986111111116
3 0.27109375 0.2921875 0.058897569444444464 0.027907986111111116
4 0.7323784722222222 0.31657986111111114 0.05464409722222219 0.02382812500000009
2 0.4976128472222222 0.2361111111111111 0.04661458333333335 0.04292534722222219
4 0.8456597222222222 0.3216145833333333 0.05464409722222219 0.023828124999999978
5 0.6187499999999999 0.3076388888888889 0.035069444444444375 0.044357638888888884
1 0.37634548611111107 0.22877604166666665 0.04431423611111107 0.038932291666666674
5 0.38828125 0.2973958333333333 0.035069444444444375 0.044357638888888884
6 0.6187065972222222 0.24149305555555556 0.04661458333333335 0.04292534722222219
0 0.255078125 0.22144097222222223 0.05052083333333335 0.043098958333333326
8 0.8591145833333333 0.2541232638888889 0.05442708333333335 0.043272569444444464
7 0.7417534722222222 0.24696180555555555 0.046788194444444375 0.04487847222222224