3 0.478515625 0.26953125 0.0625 0.021484375
3 0.236328125 0.26953125 0.05859375 0.021484375
4 0.720703125 0.2734375 0.05859375 0.021484375
4 0.837890625 0.2734375 0.056640625 0.021484375
2 0.478515625 0.21484375 0.04296875 0.03125
5 0.359375 0.26953125 0.03125 0.041015625
8 0.82421875 0.216796875 0.04296875 0.03515625
1 0.361328125 0.21484375 0.041015625 0.02734375
7 0.70703125 0.216796875 0.041015625 0.02734375
5 0.599609375 0.26953125 0.03125 0.041015625
6 0.595703125 0.21484375 0.041015625 0.03125
0 0.2421875 0.212890625 0.046875 0.03125