4 0.7648292824074074 0.23736979166666666 0.053009259259259256 0.028472222222222232
3 0.26001157407407405 0.21336805555555555 0.07285879629629632 0.03281250000000002
5 0.40111400462962965 0.21610243055555556 0.041724537037036935 0.05746527777777777
4 0.6546585648148149 0.2300347222222222 0.0630931712962961 0.03259548611111107
5 0.5309751157407407 0.22495659722222222 0.03570601851851851 0.05538194444444444
3 0.11061921296296297 0.20494791666666667 0.0806712962962963 0.032986111111111105
0 0.10066550925925925 0.13081597222222222 0.05807291666666667 0.018836805555555558
2 0.3927951388888889 0.13802083333333334 0.05037615740740742 0.04401041666666666
6 0.5264033564814814 0.14483506944444444 0.04451678240740753 0.04388020833333334
7 0.6445457175925926 0.15394965277777778 0.04451678240740753 0.04388020833333334
8 0.7587818287037037 0.16315104166666666 0.040451388888888884 0.04184027777777777
1 0.25559895833333335 0.1351996527777778 0.049421296296296324 0.03229166666666666