3 0.830078125 0.36328125 0.041015625 0.01953125
4 0.53515625 0.359375 0.037109375 0.01953125
1 0.611328125 0.314453125 0.02734375 0.02734375
6 0.7578125 0.31640625 0.02734375 0.025390625
4 0.7578125 0.36328125 0.041015625 0.01953125
0 0.53515625 0.3125 0.03125 0.025390625
3 0.611328125 0.361328125 0.041015625 0.015625
2 0.68359375 0.314453125 0.03125 0.02734375
5 0.90234375 0.36328125 0.01953125 0.03125
5 0.68359375 0.359375 0.01953125 0.03125
7 0.830078125 0.31640625 0.02734375 0.02734375
8 0.90234375 0.318359375 0.025390625 0.025390625