4 0.24147858796296295 0.39185474537037035 0.028761574074074092 0.0146846064814814
4 0.28640046296296295 0.3901909722222222 0.028761574074074092 0.01468460648148151
3 0.14793113425925924 0.39337384259259256 0.02835648148148151 0.0107783564814814
3 0.33111979166666666 0.39048032407407407 0.02445023148148151 0.01063368055555558
5 0.10125868055555555 0.3931568287037037 0.015697337962962965 0.0200376157407407
2 0.1976417824074074 0.3642939814814815 0.021961805555555547 0.02416087962962954
5 0.19480613425925924 0.3916377314814815 0.016102430555555602 0.0239438657407407
7 0.28923611111111114 0.3628472222222222 0.02155671296296302 0.02025462962962965
6 0.24451678240740743 0.36255787037037035 0.021354166666666674 0.01830150462962954
0 0.10214120370370369 0.36588541666666663 0.025462962962962965 0.02039930555555558
1 0.1509693287037037 0.36407696759259256 0.021556712962962965 0.02025462962962954
8 0.3359085648148148 0.3630642361111111 0.021354166666666674 0.01830150462962965