4 0.5971788194444445 0.3012008101851852 0.06371527777777786 0.027806712962963
3 0.11653645833333333 0.2937355324074074 0.06176215277777777 0.027792245370370394
4 0.47999131944444445 0.3003327546296296 0.061762152777777746 0.027792245370370283
5 0.23567708333333334 0.29461805555555554 0.031467013888888895 0.04904513888888884
5 0.3587239583333333 0.29552951388888893 0.031380208333333326 0.04709201388888884
2 0.23441840277777778 0.22236689814814814 0.040798611111111105 0.03935185185185186
6 0.3555121527777778 0.22326388888888887 0.04470486111111116 0.03938078703703707
1 0.11332465277777778 0.2214699074074074 0.044704861111111105 0.03938078703703701
3 0.018880208333333336 0.2930121527777778 0.010199652777777776 0.00983796296296302
8 0.5939670138888888 0.22893518518518519 0.04470486111111116 0.03938078703703701
7 0.47482638888888884 0.22805266203703706 0.04470486111111116 0.03938078703703707