4 0.55078125 0.41015625 0.029296875 0.015625
2 0.650390625 0.375 0.025390625 0.025390625
3 0.6484375 0.408203125 0.029296875 0.015625
7 0.755859375 0.373046875 0.0234375 0.025390625
6 0.703125 0.373046875 0.025390625 0.0234375
3 0.599609375 0.408203125 0.03125 0.017578125
4 0.703125 0.40625 0.03125 0.017578125
8 0.810546875 0.37109375 0.0234375 0.0234375
0 0.548828125 0.376953125 0.0234375 0.0234375
1 0.6015625 0.376953125 0.025390625 0.0234375
5 0.7578125 0.404296875 0.017578125 0.02734375
5 0.810546875 0.40234375 0.017578125 0.025390625