0 0.349609375 0.42578125 0.029296875 0.02734375
1 0.419921875 0.427734375 0.029296875 0.029296875
2 0.484375 0.427734375 0.029296875 0.02734375
6 0.5546875 0.427734375 0.02734375 0.02734375
7 0.62109375 0.427734375 0.025390625 0.02734375
8 0.689453125 0.427734375 0.02734375 0.029296875
3 0.349609375 0.46875 0.03515625 0.021484375
3 0.41796875 0.466796875 0.037109375 0.01953125
5 0.486328125 0.466796875 0.01953125 0.033203125
5 0.552734375 0.46875 0.021484375 0.033203125
4 0.62109375 0.46875 0.037109375 0.021484375
4 0.689453125 0.46875 0.03515625 0.021484375