3 0.4663628472222222 0.3756221064814815 0.04171006944444444 0.016840277777777746
3 0.8473090277777777 0.38495370370370374 0.04188368055555536 0.020746527777777857
4 0.6187065972222223 0.38013599537037035 0.03780381944444455 0.016724537037037024
4 0.5425347222222223 0.37787905092592594 0.03780381944444455 0.016724537037037024
1 0.546484375 0.3330150462962963 0.028472222222222232 0.026200810185185164
5 0.6948784722222223 0.3823929398148148 0.02304687499999991 0.035792824074074026
8 0.8493923611111112 0.3380787037037037 0.028472222222222232 0.026200810185185164
6 0.6969618055555555 0.3355179398148148 0.028559027777777857 0.028153935185185164
7 0.7752604166666667 0.33392650462962964 0.028559027777777857 0.028153935185185164
0 0.4703125 0.33075810185185184 0.03237847222222223 0.026316550925925997
5 0.7710503472222223 0.3846498842592593 0.02109374999999991 0.03573495370370372
2 0.6227430555555555 0.33331886574074077 0.028559027777777857 0.028153935185185164