3 0.59765625 0.41015625 0.021484375 0.01171875
7 0.63671875 0.384765625 0.015625 0.01953125
5 0.474609375 0.40234375 0.01171875 0.021484375
4 0.51953125 0.404296875 0.025390625 0.015625
2 0.55859375 0.376953125 0.01953125 0.021484375
8 0.669921875 0.38671875 0.015625 0.01953125
4 0.63671875 0.412109375 0.021484375 0.01171875
5 0.560546875 0.40625 0.009765625 0.025390625
0 0.474609375 0.369140625 0.01953125 0.01953125
1 0.51953125 0.373046875 0.015625 0.021484375
6 0.59765625 0.380859375 0.015625 0.01953125
3 0.66796875 0.416015625 0.01953125 0.01171875