3 0.509765625 0.396484375 0.03125 0.01171875
3 0.23046875 0.396484375 0.03125 0.01171875
4 0.341796875 0.396484375 0.02734375 0.01171875
4 0.287109375 0.396484375 0.03125 0.01171875
8 0.51171875 0.36328125 0.021484375 0.025390625
1 0.287109375 0.36328125 0.025390625 0.021484375
7 0.453125 0.361328125 0.01953125 0.021484375
6 0.3984375 0.361328125 0.021484375 0.021484375
0 0.23046875 0.36328125 0.025390625 0.021484375
2 0.33984375 0.36328125 0.025390625 0.025390625
5 0.455078125 0.396484375 0.015625 0.025390625
5 0.396484375 0.396484375 0.01953125 0.025390625