8 0.7143518518518519 0.32701099537037037 0.026779513888888884 0.023813657407407374
5 0.38793402777777775 0.3689236111111111 0.017129629629629717 0.025622106481481444
4 0.583130787037037 0.36798321759259256 0.034129050925926 0.016116898148148096
3 0.454224537037037 0.3698929398148148 0.039988425925926 0.01620370370370372
3 0.712037037037037 0.36607349537037037 0.034129050925926 0.016116898148148096
4 0.647583912037037 0.36702835648148147 0.038035300925926 0.016174768518518512
5 0.5187934027777779 0.3669849537037037 0.017129629629629495 0.025622106481481444
7 0.6498987268518519 0.32796585648148147 0.024826388888888884 0.023784722222222276
0 0.3902488425925926 0.32986111111111116 0.024942129629629717 0.025737847222222276
2 0.5191550925925925 0.32795138888888886 0.026895254629629495 0.025766782407407485
6 0.5854456018518519 0.32892071759259256 0.026779513888888884 0.023813657407407485
1 0.4547019675925926 0.32890624999999996 0.024942129629629717 0.025737847222222276
1 0.03370949074074074 0.4190538194444444 0.014597800925925927 0.015827546296296235
8 0.055078125 0.4206886574074074 0.010691550925925927 0.01576967592592593
8 0.008434606481481484 0.4174768518518519 0.014829282407407406 0.019733796296296235
8 0.09976851851851852 0.4239293981481481 0.014597800925925913 0.015827546296296235
8 0.07977430555555556 0.43203125 0.015639467592592604 0.033405671296296235
8 0.12067418981481481 0.4333767361111111 0.017824074074074103 0.037340856481481444
8 0.055989583333333336 0.43823784722222225 0.014597800925925927 0.015827546296296235
8 0.12320601851851852 0.42358217592592595 0.014597800925925913 0.015827546296296235
8 0.06840277777777778 0.4263454861111111 0.024942129629629606 0.025737847222222276
8 0.07690972222222223 0.4145109953703704 0.02045717592592594 0.01591435185185186
8 0.086328125 0.42022569444444446 0.020688657407407385 0.01982060185185186