8 0.693359375 0.392578125 0.01953125 0.01953125
4 0.609375 0.419921875 0.025390625 0.01171875
4 0.65234375 0.419921875 0.025390625 0.01171875
3 0.521484375 0.421875 0.025390625 0.01171875
3 0.6953125 0.421875 0.025390625 0.01171875
2 0.564453125 0.39453125 0.01953125 0.01953125
0 0.4765625 0.39453125 0.01953125 0.01953125
6 0.607421875 0.39453125 0.01953125 0.01953125
5 0.478515625 0.419921875 0.01171875 0.01953125
5 0.56640625 0.419921875 0.01171875 0.01953125
1 0.521484375 0.39453125 0.015625 0.01953125
7 0.650390625 0.39453125 0.01953125 0.01953125
8 0.19921875 0.44140625 0.009765625 0.015625
8 0.181640625 0.4453125 0.01171875 0.02734375
8 0.21484375 0.44921875 0.009765625 0.02734375
8 0.259765625 0.44921875 0.01171875 0.025390625
8 0.111328125 0.466796875 0.015625 0.015625
3 0.244140625 0.44921875 0.01953125 0.02734375
3 0.2265625 0.45703125 0.015625 0.015625
3 0.3125 0.47265625 0.01171875 0.01171875
3 0.28515625 0.47265625 0.025390625 0.01171875
3 0.12890625 0.46484375 0.01953125 0.01171875