3 0.34194155092592593 0.43061342592592594 0.0200376157407407 0.01396122685185186
3 0.4924045138888889 0.4347945601851852 0.01989293981481477 0.01005497685185186
4 0.42006655092592593 0.4317708333333333 0.0200376157407407 0.01396122685185186
4 0.4572482638888889 0.43427372685185184 0.01989293981481477 0.01005497685185186
7 0.45638020833333337 0.41083622685185184 0.01425057870370372 0.015827546296296235
1 0.34100115740740744 0.40522280092592594 0.02010995370370372 0.01591435185185186
6 0.41927083333333337 0.4102864583333333 0.01620370370370372 0.015856481481481444
2 0.38013599537037035 0.4077546296296296 0.01634837962962954 0.019762731481481444
0 0.29998553240740744 0.40461516203703707 0.01620370370370372 0.015856481481481444
8 0.49348958333333337 0.41138599537037035 0.01620370370370372 0.015856481481481444
5 0.302734375 0.4261284722222222 0.01439525462962965 0.019733796296296346
5 0.38100405092592593 0.4311921296296296 0.01439525462962965 0.019733796296296235
5 0.06148726851851852 0.44793113425925923 0.020616319444444448 0.02958622685185186
5 0.03211805555555556 0.44554398148148144 0.014612268518518517 0.025593171296296235
5 0.1052517361111111 0.4700520833333333 0.020037615740740755 0.01396122685185186
5 0.020326967592592594 0.4434172453703704 0.0069444444444444475 0.029383680555555625
8 0.02394386574074074 0.4356626157407407 0.016348379629629636 0.019762731481481444
5 0.05338541666666667 0.4400028935185185 0.016348379629629622 0.019762731481481444
3 0.04405381944444445 0.4515769675925926 0.024160879629629622 0.019878472222222276
5 0.0818142361111111 0.4697048611111111 0.014178240740740755 0.013874421296296235