2 0.28436053240740744 0.38385416666666666 0.019704861111111027 0.02430555555555558
6 0.32728587962962963 0.3916232638888889 0.019719328703703742 0.02625868055555558
3 0.28214699074074073 0.4189236111111111 0.023538773148148118 0.014713541666666607
4 0.3270543981481482 0.4228732638888889 0.025506365740740833 0.016753472222222232
5 0.1845775462962963 0.4028645833333333 0.013859953703703742 0.02599826388888893
7 0.3663194444444444 0.397265625 0.01576967592592593 0.020225694444444442
1 0.2375289351851852 0.37591145833333334 0.019704861111111138 0.02430555555555558
4 0.36607349537037037 0.43046874999999996 0.023538773148148118 0.014713541666666607
3 0.23531539351851852 0.41098090277777777 0.025506365740740722 0.016753472222222232
0 0.18485243055555556 0.3657552083333333 0.01967592592592593 0.02039930555555558
5 0.40316840277777777 0.4340711805555556 0.013859953703703631 0.02599826388888893