3 0.5311487268518518 0.3338975694444445 0.05141782407407414 0.022236689814814747
3 0.43538773148148147 0.3305266203703704 0.04745370370370372 0.020225694444444442
3 0.6229456018518518 0.33525752314814816 0.04751157407407414 0.022178819444444442
3 0.34163773148148147 0.32913773148148145 0.04745370370370372 0.020225694444444442
8 0.8068721064814814 0.2833188657407407 0.036082175925925775 0.031770833333333304
5 0.8085503472222222 0.3399594907407407 0.022583912037037024 0.03742766203703707
7 0.7150752314814814 0.28195891203703705 0.036082175925925775 0.031770833333333304
6 0.623220486111111 0.27864583333333337 0.032175925925925775 0.03171296296296289
2 0.529470486111111 0.27725694444444443 0.038035300925925775 0.03179976851851851
5 0.7167534722222222 0.33859953703703705 0.026490162037037024 0.037485532407407374
1 0.4337094907407407 0.2738859953703704 0.03619791666666661 0.035677083333333304
0 0.3399016203703704 0.2705439814814815 0.038035300925926 0.03179976851851851