4 0.431640625 0.32421875 0.04296875 0.021484375
3 0.34375 0.330078125 0.04296875 0.021484375
4 0.111328125 0.34375 0.041015625 0.01953125
3 0.18359375 0.33984375 0.041015625 0.021484375
6 0.26171875 0.279296875 0.02734375 0.02734375
5 0.041015625 0.345703125 0.01953125 0.03515625
2 0.18359375 0.28515625 0.02734375 0.03125
5 0.26171875 0.333984375 0.021484375 0.037109375
1 0.109375 0.291015625 0.025390625 0.03125
7 0.34375 0.271484375 0.03125 0.03125
8 0.4296875 0.265625 0.03515625 0.03125
0 0.0390625 0.296875 0.02734375 0.03125