3 0.427734375 0.35546875 0.04296875 0.01953125
5 0.505859375 0.359375 0.021484375 0.03125
3 0.732421875 0.361328125 0.037109375 0.01953125
5 0.34765625 0.35546875 0.021484375 0.03515625
4 0.65625 0.359375 0.037109375 0.01953125
4 0.58203125 0.359375 0.037109375 0.01953125
8 0.73046875 0.314453125 0.025390625 0.02734375
7 0.658203125 0.3125 0.025390625 0.025390625
2 0.50390625 0.310546875 0.02734375 0.02734375
6 0.58203125 0.310546875 0.025390625 0.02734375
0 0.349609375 0.30859375 0.02734375 0.02734375
1 0.4296875 0.310546875 0.025390625 0.02734375
8 0.015625 0.421875 0.01171875 0.01953125
8 0.08984375 0.427734375 0.009765625 0.01953125
8 0.06640625 0.42578125 0.01171875 0.015625
6 0.04296875 0.423828125 0.009765625 0.015625
7 0.017578125 0.44140625 0.009765625 0.01953125
8 0.068359375 0.443359375 0.01171875 0.01171875
8 0.08984375 0.4453125 0.009765625 0.015625
8 0.04296875 0.4296875 0.03125 0.02734375
8 0.16796875 0.46484375 0.01953125 0.01171875