4 0.8803240740740741 0.22310474537037037 0.0615596064814814 0.020428240740740733
3 0.4938078703703704 0.22492766203703704 0.06741898148148151 0.020515046296296302
3 0.23219039351851853 0.22685185185185186 0.0637152777777778 0.024363425925925886
8 0.8673321759259259 0.17255497685185184 0.048596643518518556 0.03389756944444444
4 0.7553240740740741 0.22495659722222222 0.0615596064814814 0.020428240740740733
5 0.36500289351851856 0.22488425925925926 0.03512731481481479 0.03760127314814815
2 0.4964409722222222 0.17414641203703704 0.04839409722222221 0.029991319444444442
5 0.6245659722222222 0.22494212962962962 0.03512731481481479 0.037601273148148096
7 0.7403790509259259 0.17443576388888887 0.04058159722222232 0.02987557870370372
6 0.6214409722222223 0.17229456018518519 0.04448784722222232 0.02993344907407408
1 0.3734953703703704 0.17401620370370371 0.048596643518518556 0.03389756944444444
0 0.24654224537037037 0.17589699074074072 0.0525028935185185 0.03395543981481486