6 0.5202546296296295 0.2857638888888889 0.029759837962962887 0.03276909722222221
4 0.27275752314814816 0.33573495370370365 0.047222222222222276 0.02586805555555549
7 0.5964554398148147 0.2837673611111111 0.02973090277777768 0.03081597222222221
8 0.6688368055555556 0.28783275462962965 0.029759837962962887 0.03276909722222232
2 0.44207175925925923 0.28590856481481486 0.03366608796296289 0.032971643518518556
1 0.35802951388888893 0.28635706018518514 0.03366608796296289 0.032971643518518556
3 0.3587528935185185 0.33518518518518514 0.04716435185185186 0.02196180555555549
5 0.6695023148148148 0.33275462962962965 0.020023148148148096 0.0342158564814814
5 0.4408130787037037 0.332884837962963 0.02596932870370372 0.04037905092592586
3 0.5952256944444445 0.33269675925925923 0.039380787037036846 0.02350983796296302
4 0.5189959490740741 0.33274016203703705 0.03935185185185186 0.02155671296296302
0 0.2720052083333333 0.2849537037037037 0.037601273148148096 0.03512731481481479