3 0.373046875 0.265625 0.06640625 0.025390625
4 0.74609375 0.2734375 0.056640625 0.02734375
4 0.626953125 0.26953125 0.05859375 0.02734375
5 0.501953125 0.267578125 0.03125 0.05078125
3 0.86328125 0.275390625 0.0625 0.025390625
2 0.5 0.19140625 0.04296875 0.041015625
0 0.2421875 0.18359375 0.046875 0.04296875
6 0.625 0.1953125 0.04296875 0.041015625
1 0.375 0.1875 0.04296875 0.04296875
5 0.244140625 0.26171875 0.03125 0.05078125
8 0.865234375 0.201171875 0.04296875 0.041015625
7 0.74609375 0.19921875 0.041015625 0.041015625
7 0.01171875 0.41796875 0.01171875 0.015625
4 0.01171875 0.435546875 0.01171875 0.009765625