3 0.13247974537037038 0.291869212962963 0.062051504629629606 0.025839120370370394
0 0.1263599537037037 0.22154224537037037 0.04344618055555555 0.041319444444444464
1 0.24366319444444445 0.22436342592592592 0.03930844907407405 0.037384259259259256
4 0.4782986111111111 0.29638310185185185 0.05642361111111105 0.029701967592592582
5 0.5915798611111112 0.2972222222222222 0.03207465277777777 0.04709201388888884
3 0.7049768518518518 0.3000144675925926 0.058145254629629495 0.025810185185185186
4 0.3629484953703704 0.2935763888888889 0.058145254629629606 0.025810185185185186
2 0.35889756944444445 0.22521701388888887 0.04321469907407405 0.037413194444444464
5 0.2456452546296296 0.29075520833333335 0.03207465277777777 0.04709201388888884
6 0.47413194444444445 0.22607060185185185 0.04321469907407405 0.037413194444444464
7 0.5874131944444445 0.22690972222222222 0.04344618055555571 0.041319444444444464
8 0.7008101851851851 0.2297019675925926 0.04321469907407405 0.037413194444444464