4 0.515625 0.330078125 0.04296875 0.021484375
3 0.607421875 0.326171875 0.046875 0.021484375
3 0.806640625 0.31640625 0.056640625 0.021484375
4 0.91796875 0.30859375 0.056640625 0.025390625
0 0.4296875 0.28125 0.03515625 0.03125
5 0.70703125 0.3203125 0.025390625 0.041015625
1 0.517578125 0.275390625 0.02734375 0.03125
5 0.4296875 0.333984375 0.021484375 0.037109375
2 0.607421875 0.26953125 0.03515625 0.03125
7 0.80859375 0.25390625 0.037109375 0.03515625
6 0.705078125 0.26171875 0.03515625 0.03515625
8 0.91796875 0.24609375 0.041015625 0.037109375