3 0.550144675925926 0.38939525462962965 0.030714699074074092 0.01475694444444442
8 0.5464988425925925 0.35423900462962965 0.025868055555555713 0.02430555555555558
3 0.2612847222222222 0.40205439814814814 0.030917245370370328 0.01671006944444442
6 0.4312644675925926 0.3585069444444444 0.02586805555555549 0.02430555555555558
4 0.3763165509259259 0.39583333333333337 0.030714699074074092 0.01475694444444442
7 0.4877025462962963 0.3544560185185185 0.02607060185185195 0.02625868055555558
4 0.3179253472222222 0.3999565972222222 0.03482349537037033 0.01685474537037035
1 0.3160300925925926 0.36277488425925924 0.02586805555555549 0.02430555555555558
0 0.2574363425925926 0.36494502314814814 0.02586805555555549 0.02430555555555558
2 0.3707175925925926 0.3607494212962963 0.02782118055555549 0.0243778935185186
5 0.4915509259259259 0.3915653935185185 0.018258101851851838 0.02596932870370372
5 0.4329571759259259 0.39373553240740744 0.022164351851851838 0.02611400462962954