4 0.36701388888888886 0.2953125 0.054890046296296235 0.028559027777777857
4 0.6991030092592592 0.2948784722222222 0.05876736111111125 0.02473958333333326
3 0.5857928240740741 0.29626736111111107 0.05876736111111103 0.02473958333333326
5 0.47446469907407407 0.29379340277777777 0.027676504629629672 0.04552951388888893
6 0.5862991898148148 0.22790798611111113 0.037384259259259256 0.03793402777777777
2 0.4749565972222222 0.22738715277777777 0.041290509259259256 0.03802083333333334
3 0.8123987268518518 0.2954427083333333 0.06270254629629646 0.028732638888888884
0 0.26394675925925926 0.23246527777777776 0.03736979166666665 0.03598090277777777
5 0.26543692129629626 0.2950086805555555 0.027676504629629672 0.04552951388888893
1 0.367505787037037 0.22890625 0.035431134259259256 0.03789062500000001
7 0.69765625 0.22647569444444446 0.041290509259259256 0.03802083333333334
8 0.8168402777777778 0.2232638888888889 0.041319444444444464 0.04192708333333334