6 0.78125 0.31640625 0.025390625 0.02734375
5 0.92578125 0.36328125 0.01953125 0.03515625
1 0.634765625 0.314453125 0.025390625 0.02734375
4 0.55859375 0.359375 0.037109375 0.01953125
7 0.853515625 0.31640625 0.025390625 0.02734375
3 0.853515625 0.36328125 0.037109375 0.015625
4 0.78125 0.36328125 0.037109375 0.01953125
5 0.708984375 0.359375 0.01953125 0.03125
0 0.55859375 0.314453125 0.03125 0.02734375
3 0.634765625 0.361328125 0.037109375 0.015625
2 0.70703125 0.31640625 0.02734375 0.025390625
8 0.92578125 0.318359375 0.025390625 0.025390625