0 0.3384548611111111 0.2712673611111111 0.036400462962962954 0.03443287037037035
1 0.42848668981481486 0.27264178240740744 0.03425925925925921 0.03240740740740744
2 0.5142361111111111 0.2777777777777778 0.038541666666666696 0.03645833333333326
6 0.6021267361111111 0.2810329861111111 0.03388310185185195 0.02850115740740744
7 0.6919704861111111 0.28436053240740744 0.03872974537037033 0.03841145833333326
8 0.7777199074074074 0.2894965277777778 0.040494791666666696 0.03653067129629628
5 0.42322048611111107 0.32732928240740744 0.028964120370370328 0.0380497685185186
3 0.3335648148148148 0.3220486111111111 0.04699074074074072 0.02314814814814814
4 0.5091579861111111 0.3305121527777778 0.053226273148148096 0.02727141203703698
4 0.5968605324074074 0.3357204861111111 0.05480324074074083 0.0234375
5 0.6849392361111111 0.3370225694444444 0.03110532407407396 0.0400752314814814
3 0.7706886574074074 0.3421585648148148 0.04699074074074083 0.02314814814814814