4 0.525636574074074 0.3263020833333333 0.042838541666666785 0.019704861111111138
4 0.607667824074074 0.3220486111111111 0.042838541666666785 0.019704861111111138
3 0.3637297453703704 0.33275462962962965 0.04674479166666656 0.019907407407407485
5 0.282103587962963 0.3331018518518518 0.027083333333333348 0.03637152777777786
5 0.4457609953703704 0.3285011574074074 0.027083333333333348 0.03637152777777786
3 0.683839699074074 0.31809895833333335 0.038932291666666785 0.019502314814814792
8 0.6910590277777777 0.2672164351851852 0.030179398148148184 0.028761574074074092
7 0.6109809027777777 0.2713686342592593 0.034085648148148184 0.028964120370370328
6 0.5309027777777777 0.2755208333333333 0.030179398148148184 0.028761574074074092
2 0.44907407407407407 0.2778211805555556 0.034490740740740766 0.03287037037037033
1 0.36724537037037036 0.28012152777777777 0.034085648148148184 0.028964120370370328
0 0.28521412037037036 0.28437500000000004 0.034085648148148184 0.028964120370370328
8 0.06877893518518517 0.46072048611111116 0.018590856481481483 0.010677083333333393