3 0.6370081018518519 0.2929398148148148 0.05837673611111116 0.025115740740740744
5 0.52734375 0.30008680555555556 0.03052662037037046 0.043778935185185164
4 0.7565827546296297 0.2835503472222222 0.05837673611111116 0.025115740740740744
2 0.5321180555555556 0.23563368055555556 0.04376446759259256 0.038324652777777746
4 0.4214409722222222 0.3090711805555556 0.05642361111111116 0.025057870370370328
3 0.8781105324074074 0.27410300925925923 0.0664785879629628 0.029253472222222188
0 0.32407407407407407 0.2554398148148148 0.03595196759259256 0.0380931712962963
6 0.6420717592592593 0.22458043981481482 0.04014756944444464 0.042115162037037024
5 0.31958912037037035 0.3159866898148148 0.03052662037037046 0.043778935185185164
1 0.4281684027777778 0.24456018518518519 0.03985821759259256 0.038208912037037024
7 0.759837962962963 0.21329571759259258 0.04405381944444464 0.042230902777777746
8 0.8872251157407407 0.2036747685185185 0.04600694444444442 0.04228877314814816