4 0.38415798611111107 0.3638020833333333 0.04412615740740744 0.022077546296296324
6 0.6330295138888888 0.3315104166666667 0.028964120370370328 0.028964120370370328
4 0.6319733796296296 0.3824074074074074 0.04412615740740744 0.022077546296296324
2 0.5530671296296297 0.3248119212962963 0.03493923611111116 0.031264467592592604
3 0.46814236111111107 0.3687789351851852 0.04412615740740744 0.022077546296296324
1 0.4710358796296297 0.31995081018518523 0.03103298611111116 0.03103298611111116
5 0.7862702546296296 0.3915509259259259 0.021730324074074048 0.03826678240740744
3 0.7100983796296296 0.38703703703703707 0.04021990740740744 0.02184606481481488
0 0.3891203703703704 0.3131365740740741 0.03482349537037033 0.029311342592592604
5 0.5501736111111111 0.3736400462962963 0.021498842592592604 0.03436053240740744
7 0.7129918981481482 0.33820891203703707 0.02907986111111116 0.030917245370370328
8 0.7910011574074074 0.34479166666666666 0.030917245370370328 0.02907986111111105