4 0.5892650462962963 0.25221354166666665 0.05543981481481475 0.028226273148148184
4 0.4759837962962963 0.25808738425925926 0.05934606481481475 0.02842881944444442
3 0.017046440972222222 0.27818287037037037 0.034092881944444445 0.027517361111111138
3 0.12258391203703703 0.2725115740740741 0.0612991898148148 0.02853009259259265
1 0.12466724537037037 0.20219907407407406 0.04217303240740741 0.04118923611111114
5 0.23781828703703703 0.26653645833333334 0.030627893518518523 0.04644097222222221
2 0.24185474537037036 0.1961226851851852 0.040219907407407385 0.041087962962962965
5 0.356958912037037 0.2603587962962963 0.030627893518518468 0.04644097222222221
6 0.3590422453703703 0.19004629629629627 0.04217303240740744 0.04118923611111114
0 0.012876157407407407 0.2042679398148148 0.025752314814814815 0.04068287037037038
7 0.4761140046296296 0.18787615740740743 0.04217303240740744 0.04118923611111114
8 0.5913483796296296 0.18190104166666665 0.04217303240740744 0.04118923611111114