4 0.7023871527777777 0.29236111111111107 0.045703124999999956 0.019574652777777812
6 0.7026909722222222 0.24166666666666667 0.028559027777777857 0.0285590277777778
4 0.4505208333333333 0.30160590277777777 0.041970486111111094 0.023307291666666674
0 0.45286458333333335 0.24887152777777777 0.036545138888888884 0.03281250000000002
5 0.8644097222222222 0.287109375 0.02304687499999991 0.036111111111111094
1 0.5387152777777777 0.24700520833333334 0.03246527777777786 0.028732638888888884
2 0.6206597222222222 0.2453125 0.032638888888888884 0.032638888888888884
3 0.7823784722222222 0.29075520833333335 0.04001736111111098 0.02322048611111116
5 0.6184027777777779 0.29609375000000004 0.02517361111111116 0.04010416666666661
3 0.5364583333333333 0.29778645833333334 0.04587673611111098 0.023480902777777812
7 0.7847222222222222 0.23802083333333335 0.03246527777777786 0.028732638888888884
8 0.8666666666666667 0.236328125 0.028732638888888884 0.032465277777777746