4 0.4179253472222222 0.4169994212962963 0.025651041666666652 0.019082754629629606
4 0.4570457175925926 0.4232204861111111 0.021715856481481444 0.016898148148148162
4 0.37093460648148147 0.40640914351851853 0.025622106481481444 0.017129629629629717
5 0.2652633101851852 0.38648726851851856 0.016087962962963 0.032175925925926
6 0.4154224537037037 0.3797743055555556 0.016001157407407485 0.026316550925925997
8 0.49375 0.3980758101851852 0.01594328703703707 0.022410300925925886
1 0.321412037037037 0.356640625 0.021860532407407485 0.026663773148148162
7 0.45655381944444445 0.39001736111111107 0.01594328703703707 0.022410300925925997
4 0.32201967592592595 0.39765625000000004 0.027575231481481444 0.017245370370370328
5 0.4942129629629629 0.4293258101851852 0.012037037037037068 0.022178819444444442
2 0.37038483796296295 0.36929976851851853 0.019907407407407374 0.02654803240740744
0 0.2646556712962963 0.3454716435185185 0.021860532407407374 0.026663773148148162