4 0.5032118055555556 0.3255931712962963 0.05104166666666665 0.019082754629629717
4 0.5988859953703703 0.33038194444444446 0.050983796296296235 0.015176504629629717
3 0.30594618055555556 0.3197482638888889 0.05104166666666665 0.019082754629629606
3 0.10672743055555556 0.3138454861111111 0.04713541666666665 0.018967013888888884
5 0.40555555555555556 0.3226996527777778 0.031712962962963 0.032175925925926
5 0.20828993055555556 0.3168547453703704 0.023900462962962943 0.03194444444444444
8 0.5975405092592592 0.28930844907407405 0.03360821759259247 0.02832754629629619
2 0.31439525462962964 0.2770109953703704 0.03751446759259258 0.028443287037037024
7 0.5018663194444444 0.2845196759259259 0.033550347222222054 0.024421296296296302
0 0.12103587962962964 0.2712818287037037 0.03751446759259258 0.028443287037037024
6 0.41009837962962964 0.2798466435185185 0.03751446759259258 0.028443287037037024
1 0.21869212962962964 0.27417534722222225 0.03751446759259258 0.028443287037037024