3 0.2011574074074074 0.29363425925925923 0.06216724537037033 0.02824074074074079
3 0.4452980324074074 0.2900173611111111 0.06412037037037033 0.028269675925925997
2 0.44946469907407405 0.21970486111111112 0.045515046296296324 0.04360532407407408
1 0.33032407407407405 0.2214699074074074 0.043561921296296324 0.04357638888888887
4 0.683347800925926 0.29039351851851847 0.06216724537037033 0.02824074074074079
5 0.5644386574074074 0.28825231481481484 0.03207465277777777 0.04730902777777779
0 0.20555555555555555 0.21941550925925926 0.049421296296296324 0.04366319444444444
7 0.687745949074074 0.21617476851851852 0.045515046296296324 0.04360532407407408
4 0.802488425925926 0.2886284722222222 0.05826099537037033 0.028182870370370372
5 0.3243200231481481 0.28985821759259256 0.0321903935185186 0.04926215277777768
6 0.5687210648148149 0.21598668981481484 0.04137731481481488 0.03964120370370372
8 0.8048177083333333 0.21639178240740742 0.04137731481481488 0.03964120370370372