1 0.21649305555555554 0.287109375 0.02821180555555558 0.029296875
4 0.21141493055555555 0.33984375 0.04699074074074072 0.021484375
3 0.28972800925925923 0.337890625 0.04699074074074083 0.021484375
6 0.3818721064814815 0.2734375 0.03425925925925921 0.03125
4 0.5627170138888888 0.322265625 0.04894386574074083 0.021484375
5 0.3744646990740741 0.330078125 0.025057870370370328 0.037109375
8 0.5687355324074075 0.259765625 0.03872974537037033 0.037109375
5 0.13291377314814815 0.34375 0.02486979166666664 0.03515625
2 0.29713541666666665 0.28125 0.03211805555555558 0.029296875
3 0.4664496527777778 0.328125 0.04894386574074072 0.021484375
0 0.13780381944444445 0.29296875 0.032118055555555525 0.029296875
7 0.4703269675925926 0.267578125 0.034635416666666696 0.03515625