3 0.46944444444444444 0.37962962962962965 0.030613425925925863 0.01475694444444442
3 0.19210069444444444 0.38990162037037035 0.03061342592592592 0.01475694444444442
4 0.24678819444444444 0.38787615740740744 0.030613425925925974 0.01475694444444442
4 0.30147569444444444 0.3858506944444444 0.030613425925925863 0.01475694444444442
8 0.47282986111111114 0.34447337962962965 0.025882523148148096 0.02625868055555558
7 0.4183304398148148 0.34454571759259256 0.025694444444444464 0.02430555555555558
6 0.36150173611111114 0.3485966435185185 0.02141203703703698 0.02025462962962954
5 0.41475694444444444 0.38165509259259256 0.018070023148148096 0.02596932870370372
0 0.1952980324074074 0.35669849537037035 0.025694444444444464 0.02430555555555558
5 0.35616319444444444 0.3838252314814815 0.018070023148148096 0.02596932870370372
1 0.2499855324074074 0.35467303240740744 0.025694444444444464 0.02430555555555558
2 0.3046730324074074 0.3526475694444444 0.025694444444444464 0.02430555555555558