0 0.48451967592592593 0.35910011574074074 0.02032696759259256 0.02206307870370372
6 0.6138599537037037 0.3669994212962963 0.02039930555555558 0.02401620370370372
3 0.5739293981481481 0.3975115740740741 0.02596932870370372 0.016377314814814747
5 0.4857494212962963 0.39230324074074074 0.0165653935185186 0.025853587962963
3 0.5308159722222222 0.3948784722222222 0.0258969907407407 0.014424189814814858
8 0.6863425925925926 0.3707175925925926 0.01844618055555558 0.023958333333333304
1 0.5295862268518519 0.3616753472222222 0.01642071759259256 0.021947337962963
2 0.5726996527777778 0.3643084490740741 0.01844618055555558 0.023958333333333304
4 0.6150173611111112 0.3982494212962963 0.02401620370370372 0.016319444444444442
4 0.6521990740740741 0.39910300925925923 0.0239438657407407 0.014366319444444553
7 0.6511140046296297 0.36980613425925923 0.01837384259259256 0.022005208333333304
5 0.687427662037037 0.4000144675925926 0.012586805555555358 0.023784722222222276