3 0.31885127314814815 0.311328125 0.04704861111111114 0.026215277777777768
3 0.1470630787037037 0.33323206018518514 0.04116030092592593 0.02196180555555549
4 0.4125578703703704 0.2999131944444444 0.04704861111111103 0.026215277777777768
6 0.22861689814814817 0.26391782407407405 0.029542824074074048 0.03493923611111116
5 0.2290509259259259 0.32251157407407405 0.023741319444444464 0.042404513888888884
4 0.07092013888888889 0.34165219907407407 0.04311342592592593 0.022077546296296324
2 0.14662905092592593 0.27463831018518514 0.027560763888888895 0.030917245370370328
1 0.0685474537037037 0.2851273148148148 0.027560763888888895 0.030917245370370328
7 0.31840277777777776 0.25078125 0.033478009259259256 0.039076967592592604
8 0.412109375 0.23936631944444442 0.033478009259259256 0.039076967592592604
0 0.006090856481481481 0.29469039351851856 0.006105324074074074 0.033550347222222276