3 0.34765625 0.36328125 0.03515625 0.01953125
3 0.26953125 0.361328125 0.041015625 0.015625
4 0.5625 0.373046875 0.03515625 0.01953125
4 0.626953125 0.37109375 0.03515625 0.01953125
0 0.26953125 0.314453125 0.03125 0.02734375
6 0.4921875 0.32421875 0.021484375 0.025390625
7 0.560546875 0.326171875 0.021484375 0.02734375
2 0.419921875 0.322265625 0.02734375 0.025390625
5 0.421875 0.3671875 0.021484375 0.03125
5 0.4921875 0.369140625 0.021484375 0.03125
1 0.34765625 0.31640625 0.025390625 0.02734375
8 0.62890625 0.33203125 0.025390625 0.025390625