4 0.591796875 0.29296875 0.052734375 0.025390625
4 0.48046875 0.29296875 0.056640625 0.025390625
3 0.02734375 0.291015625 0.052734375 0.025390625
3 0.138671875 0.291015625 0.05859375 0.025390625
1 0.138671875 0.22265625 0.041015625 0.037109375
5 0.251953125 0.291015625 0.02734375 0.04296875
2 0.25390625 0.22265625 0.037109375 0.037109375
5 0.3671875 0.291015625 0.02734375 0.04296875
6 0.3671875 0.22265625 0.041015625 0.037109375
0 0.0234375 0.21875 0.041015625 0.037109375
7 0.48046875 0.224609375 0.041015625 0.037109375
8 0.591796875 0.224609375 0.041015625 0.037109375