6 0.6758969907407407 0.20737847222222222 0.040133101851851816 0.038758680555555536
5 0.8861255787037037 0.2544704861111111 0.03084490740740753 0.044184027777777746
3 0.7765914351851851 0.2612847222222222 0.058868634259259256 0.029861111111111116
7 0.7816840277777778 0.1987847222222222 0.042086226851851816 0.03884548611111116
8 0.8912181712962963 0.19197048611111112 0.042086226851851816 0.038845486111111105
5 0.5710358796296295 0.2762586805555556 0.03279803240740753 0.04427083333333326
3 0.4712673611111111 0.2826388888888889 0.05464409722222219 0.025781249999999978
4 0.37329282407407405 0.2908854166666667 0.05269097222222219 0.025694444444444464
1 0.47783564814814816 0.22591145833333331 0.03981481481481475 0.034852430555555536
2 0.5759693287037038 0.21571180555555555 0.040133101851851816 0.038758680555555536
4 0.6727575231481482 0.26979166666666665 0.05432581018518512 0.021874999999999978
0 0.37806712962962963 0.23229166666666667 0.03981481481481486 0.034852430555555536