3 0.28305844907407407 0.2691840277777778 0.06480034722222228 0.024392361111111094
3 0.5506076388888889 0.2671730324074074 0.06864872685185186 0.02054398148148151
4 0.8162037037037037 0.2651909722222222 0.06083622685185186 0.02042824074074079
4 0.9431568287037037 0.2633101851851852 0.05888310185185186 0.02039930555555558
5 0.41779513888888886 0.269140625 0.03381076388888893 0.041507523148148096
5 0.6814670138888889 0.265234375 0.03771701388888893 0.04156539351851851
8 0.9244068287037037 0.21086516203703703 0.04733796296296289 0.03194444444444444
2 0.5494357638888889 0.21446759259259257 0.04538483796296289 0.031915509259259234
1 0.424464699074074 0.21436631944444445 0.047366898148148096 0.03389756944444444
7 0.7974537037037037 0.21274594907407407 0.04538483796296289 0.031915509259259234
6 0.6744357638888889 0.21261574074074074 0.04538483796296289 0.031915509259259234
0 0.293605324074074 0.21630497685185185 0.055179398148148096 0.034013310185185164