0 0.4765625 0.3671875 0.01953125 0.021484375
6 0.603515625 0.37890625 0.01953125 0.021484375
3 0.5625 0.408203125 0.0234375 0.015625
5 0.478515625 0.400390625 0.015625 0.025390625
3 0.521484375 0.404296875 0.025390625 0.01171875
8 0.673828125 0.38671875 0.017578125 0.0234375
1 0.521484375 0.373046875 0.015625 0.021484375
2 0.564453125 0.375 0.017578125 0.0234375
4 0.603515625 0.41015625 0.0234375 0.015625
4 0.640625 0.4140625 0.021484375 0.013671875
7 0.640625 0.3828125 0.017578125 0.021484375
5 0.673828125 0.4140625 0.01171875 0.0234375