4 0.6533854166666666 0.40008680555555554 0.04079861111111116 0.02184606481481488
4 0.7276041666666666 0.40448495370370374 0.04275173611111116 0.02196180555555549
3 0.5772135416666666 0.39557291666666666 0.04079861111111116 0.02184606481481477
3 0.9578993055555556 0.41618923611111114 0.040451388888888884 0.01793981481481488
6 0.799609375 0.36212384259259256 0.031553819444444464 0.02712673611111116
5 0.8817274305555556 0.4116753472222222 0.022656250000000044 0.03631365740740744
8 0.955859375 0.37138310185185186 0.031553819444444464 0.02712673611111116
2 0.7236111111111111 0.35956307870370374 0.03190104166666674 0.03103298611111116
5 0.8036024305555556 0.40704571759259256 0.024609375000000044 0.03642939814814805
7 0.877734375 0.3667534722222222 0.031553819444444464 0.02712673611111116
0 0.5712673611111111 0.3505353009259259 0.03190104166666674 0.03103298611111116
1 0.647265625 0.3530960648148148 0.031553819444444464 0.02712673611111116