3 0.33359375 0.23246527777777778 0.068359375 0.030772569444444453
2 0.47421875 0.1415798611111111 0.054166666666666696 0.05190972222222223
4 0.6075520833333333 0.2185763888888889 0.06640625 0.03072916666666664
4 0.7484375 0.21154513888888887 0.072265625 0.030859375000000022
3 0.8950520833333333 0.20633680555555556 0.076171875 0.030946180555555536
5 0.466796875 0.22365451388888888 0.03671875000000002 0.0534722222222222
0 0.20598958333333334 0.15729166666666666 0.05364583333333334 0.04409722222222223
1 0.33919270833333337 0.14848090277777778 0.050000000000000044 0.04791666666666666
5 0.20078125000000002 0.23541666666666666 0.03281250000000002 0.05338541666666663
6 0.6131510416666667 0.1345920138888889 0.05364583333333339 0.04409722222222223
7 0.75390625 0.12951388888888887 0.053515624999999956 0.04214409722222223
8 0.9005208333333333 0.12430555555555556 0.055208333333333304 0.03828124999999999