0 0.216796875 0.216796875 0.04296875 0.041015625
1 0.330078125 0.212890625 0.041015625 0.044921875
2 0.4453125 0.20703125 0.04296875 0.041015625
6 0.56640625 0.203125 0.046875 0.041015625
5 0.443359375 0.27734375 0.03125 0.05078125
4 0.56640625 0.275390625 0.0625 0.025390625
3 0.328125 0.283203125 0.0625 0.02734375
4 0.21875 0.287109375 0.056640625 0.025390625
5 0.81640625 0.267578125 0.03515625 0.052734375
7 0.689453125 0.193359375 0.046875 0.04296875
8 0.818359375 0.19140625 0.046875 0.04296875
3 0.6875 0.2734375 0.068359375 0.02734375