4 0.76953125 0.36328125 0.037109375 0.01953125
4 0.546875 0.359375 0.037109375 0.01953125
6 0.76953125 0.31640625 0.025390625 0.025390625
1 0.62109375 0.314453125 0.025390625 0.02734375
4 0.841796875 0.36328125 0.041015625 0.01953125
5 0.697265625 0.359375 0.01953125 0.03125
5 0.912109375 0.36328125 0.01953125 0.03125
7 0.841796875 0.31640625 0.02734375 0.02734375
0 0.544921875 0.314453125 0.02734375 0.02734375
3 0.623046875 0.361328125 0.041015625 0.015625
2 0.697265625 0.31640625 0.025390625 0.025390625
8 0.912109375 0.318359375 0.025390625 0.025390625