0 0.046469907407407404 0.24855324074074073 0.05211226851851852 0.046802662037037035
1 0.16412037037037036 0.25983796296296297 0.04234664351851852 0.04644097222222221
2 0.2699363425925926 0.26765046296296297 0.040162037037037024 0.0385561342592593
6 0.36788194444444444 0.2737991898148148 0.03826678240740744 0.04043692129629628
7 0.45807291666666666 0.2821903935185185 0.040162037037037024 0.0385561342592593
8 0.5364872685185185 0.2890625 0.03258101851851869 0.04607928240740744
3 0.048379629629629634 0.3130063657407407 0.06727430555555555 0.0317563657407407
3 0.16786747685185185 0.3203125 0.06124131944444444 0.02567997685185186
5 0.27167245370370374 0.32624421296296297 0.03045428240740744 0.04014756944444442
5 0.36961805555555555 0.3323929398148148 0.030512152777777746 0.04210069444444442
4 0.45188078703703705 0.33716724537037035 0.05331307870370372 0.021484375
4 0.5360966435185185 0.34186921296296297 0.04940682870370372 0.02133969907407407