4 0.7165219907407407 0.34869791666666666 0.06270254629629624 0.03151041666666665
3 0.34544270833333335 0.32200520833333335 0.06465567129629624 0.03164062500000009
3 0.21653645833333335 0.31341145833333334 0.06270254629629635 0.03151041666666665
4 0.8376157407407407 0.3567708333333333 0.058796296296296235 0.03125
5 0.46850405092592595 0.3282552083333333 0.031626157407407485 0.052864583333333326
1 0.34405381944444446 0.245703125 0.041319444444444464 0.04375000000000001
5 0.5915364583333333 0.33841145833333336 0.03161168981481488 0.050911458333333326
0 0.21711516203703704 0.23528645833333334 0.04916087962962962 0.04817708333333337
2 0.46905381944444446 0.2540364583333333 0.045225694444444464 0.04401041666666672
6 0.5940538194444445 0.26236979166666663 0.041319444444444464 0.043749999999999956
7 0.7151186342592593 0.27434895833333334 0.045225694444444464 0.04401041666666672
8 0.8381655092592593 0.28255208333333337 0.041319444444444464 0.043749999999999956