4 0.6110243055555555 0.29105902777777776 0.056843171296296235 0.028602430555555558
4 0.49188368055555554 0.29370659722222225 0.060749421296296235 0.02868923611111107
3 0.014561631944444445 0.3004340277777778 0.02912326388888889 0.028038194444444442
3 0.12081886574074074 0.298046875 0.06465567129629629 0.028776041666666696
1 0.12136863425925926 0.223828125 0.043272569444444464 0.041970486111111094
5 0.24191261574074074 0.2953559027777778 0.031597222222222165 0.04756944444444444
2 0.24441550925925926 0.22109375 0.041319444444444464 0.04192708333333334
5 0.36691261574074074 0.292578125 0.031597222222222276 0.04756944444444444
6 0.36746238425925926 0.21835937500000002 0.043272569444444464 0.041970486111111094
0 0.009016927083333334 0.2224392361111111 0.01803385416666667 0.04144965277777779
7 0.49048032407407405 0.21953125 0.043272569444444464 0.041970486111111094
8 0.611574074074074 0.21684027777777776 0.043272569444444464 0.041970486111111094