4 0.4648003472222222 0.3415798611111111 0.04304108796296302 0.02105034722222221
6 0.6964699074074074 0.28790509259259256 0.028023726851851727 0.0263310185185186
4 0.7034866898148149 0.33666087962962965 0.0430410879629628 0.02105034722222232
2 0.6200954861111111 0.28877314814814814 0.03624131944444442 0.03052662037037035
3 0.5448784722222222 0.33861400462962965 0.0430410879629628 0.02105034722222232
1 0.5400173611111111 0.29173900462962965 0.03233506944444442 0.03038194444444442
5 0.8538773148148148 0.3310908564814815 0.023177083333333348 0.03587962962962954
3 0.7796585648148149 0.33383969907407407 0.0410879629629628 0.0209780092592593
0 0.4616898148148148 0.29267939814814814 0.03583622685185184 0.02662037037037035
5 0.6249565972222222 0.33564814814814814 0.022974537037037113 0.03392650462962965
7 0.7747974537037037 0.28696469907407407 0.02842881944444442 0.03023726851851849
8 0.8509693287037037 0.2841435185185185 0.03192997685185173 0.02647569444444442