4 0.5326244212962963 0.3159722222222222 0.05251736111111116 0.024189814814814747
3 0.634765625 0.3066550925925926 0.05642361111111116 0.024247685185185164
3 0.8620515046296297 0.2935329861111111 0.06814236111111116 0.024421296296296302
1 0.5354456018518519 0.2515480324074074 0.03776041666666674 0.035677083333333304
0 0.43540219907407407 0.25888310185185187 0.03776041666666663 0.035677083333333304
5 0.43287037037037035 0.3194010416666667 0.02618634259259256 0.037456597222222276
5 0.7466724537037037 0.29719328703703707 0.03067129629629628 0.04532696759259269
2 0.6413483796296297 0.2441261574074074 0.03985821759259256 0.03765914351851851
4 0.9691478587962963 0.2831669560185185 0.01830150462962976 0.010026041666666652
7 0.869212962962963 0.2231915509259259 0.04376446759259256 0.03771701388888893
6 0.7514467592592593 0.23274016203703704 0.04376446759259256 0.03771701388888887
2 0.9770688657407407 0.21574074074074073 0.01251446759259256 0.03725405092592593