4 0.7265625 0.2967447916666667 0.05651041666666656 0.02977430555555549
4 0.6114583333333333 0.28967013888888893 0.06015624999999991 0.02604166666666674
2 0.49739583333333337 0.208203125 0.043489583333333304 0.038932291666666674
0 0.25169270833333335 0.19140625 0.047656249999999956 0.04301215277777776
6 0.61640625 0.21545138888888887 0.03984375000000018 0.042664930555555536
5 0.4942708333333333 0.28446180555555556 0.030338541666666607 0.046137152777777746
3 0.37356770833333336 0.2732204861111111 0.06432291666666667 0.030121527777777768
1 0.37864583333333335 0.1970486111111111 0.043749999999999956 0.042838541666666674
5 0.24882812499999998 0.26375868055555557 0.030598958333333315 0.050043402777777746
3 0.8416666666666667 0.3038194444444444 0.06015624999999991 0.02604166666666674
7 0.7313802083333334 0.22447916666666667 0.04375000000000018 0.042838541666666674
8 0.846484375 0.23155381944444445 0.03984375000000018 0.04266493055555559