4 0.521484375 0.361328125 0.037109375 0.015625
4 0.59765625 0.359375 0.041015625 0.01953125
3 0.447265625 0.361328125 0.037109375 0.015625
8 0.830078125 0.310546875 0.02734375 0.02734375
3 0.828125 0.359375 0.037109375 0.01953125
7 0.751953125 0.310546875 0.02734375 0.02734375
6 0.67578125 0.3125 0.025390625 0.025390625
1 0.5234375 0.314453125 0.02734375 0.02734375
0 0.4453125 0.314453125 0.02734375 0.02734375
5 0.67578125 0.359375 0.01953125 0.03125
2 0.59765625 0.3125 0.02734375 0.025390625
5 0.751953125 0.357421875 0.021484375 0.03515625