3 0.3595920138888889 0.3472366898148148 0.04340277777777779 0.020167824074074026
3 0.09405381944444444 0.3393952546296296 0.04340277777777779 0.020167824074074137
4 0.27174479166666665 0.34398148148148144 0.04335937499999998 0.018214699074074137
4 0.013932291666666666 0.33815104166666665 0.02786458333333333 0.020052083333333304
6 0.2729166666666667 0.2912471064814815 0.02994791666666674 0.02973090277777779
7 0.3607638888888889 0.2945023148148148 0.02994791666666663 0.02973090277777779
2 0.18506944444444445 0.2879918981481482 0.033940972222222254 0.033695023148148096
1 0.09526909722222222 0.2847077546296296 0.029947916666666657 0.02973090277777768
5 0.18585069444444446 0.3407552083333333 0.024175347222222254 0.033550347222222276
5 0.4435763888888889 0.34848090277777777 0.024175347222222254 0.033550347222222276
0 0.012196180555555556 0.2814814814814815 0.02439236111111111 0.03363715277777779
8 0.4447482638888889 0.29574652777777777 0.02994791666666663 0.02973090277777779