0 0.189453125 0.15344328703703702 0.0546875 0.049638310185185164
1 0.33203125 0.15328414351851852 0.048828125 0.05345775462962965
2 0.470703125 0.15318287037037037 0.052734375 0.04960937500000001
6 0.611328125 0.15500578703703705 0.05078125 0.05739293981481486
7 0.75 0.1509982638888889 0.04296875 0.04751157407407408
8 0.888671875 0.15089699074074076 0.044921875 0.053399884259259234
3 0.189453125 0.24133391203703702 0.068359375 0.03421585648148151
3 0.330078125 0.2392505787037037 0.0703125 0.03619791666666672
5 0.47265625 0.2371383101851852 0.03515625 0.06106770833333336
5 0.611328125 0.23703703703703705 0.037109375 0.06109664351851851
4 0.75 0.23693576388888887 0.068359375 0.03616898148148151
4 0.88671875 0.2368634259259259 0.06640625 0.0380931712962963