0 0.18096064814814816 0.2894675925925926 0.03035300925925921 0.031452546296296235
1 0.2596498842592593 0.28302951388888886 0.03035300925925921 0.031452546296296235
2 0.3402922453703704 0.2765769675925926 0.03425925925925921 0.031481481481481444
6 0.4287471064814815 0.2700665509259259 0.040306712962963065 0.033478009259259256
7 0.5193431712962963 0.2615885416666667 0.038541666666666696 0.03541666666666665
8 0.6195167824074074 0.2549913194444444 0.04301215277777781 0.04130497685185186
5 0.17764756944444443 0.344140625 0.02990451388888893 0.04706307870370363
4 0.25633680555555555 0.3377025462962963 0.04308449074074072 0.021788194444444464
3 0.334837962962963 0.3332175925925926 0.04680266203703698 0.019864004629629672
5 0.4232928240740741 0.3267071759259259 0.029340277777777812 0.04120370370370363
3 0.5174189814814815 0.32210648148148147 0.055179398148148096 0.025781249999999978
4 0.6134982638888888 0.3174913194444444 0.05341435185185173 0.027719907407407485