0 0.5996238425925926 0.4140625 0.016739004629629628 0.021484375
1 0.6289207175925926 0.4140625 0.016840277777777857 0.0234375
2 0.6561631944444445 0.416015625 0.016739004629629628 0.021484375
6 0.6853587962962964 0.41796875 0.0166377314814814 0.01953125
7 0.7106481481481481 0.419921875 0.016840277777777857 0.0234375
8 0.7359375 0.421875 0.016739004629629628 0.021484375
4 0.5984085648148149 0.4375 0.018388310185185164 0.015625
3 0.6295572916666666 0.439453125 0.018388310185185164 0.015625
5 0.6569010416666667 0.439453125 0.0127314814814814 0.01953125
4 0.6841435185185185 0.44140625 0.01623263888888893 0.01171875
3 0.7095341435185185 0.44140625 0.016333912037036935 0.013671875
5 0.7348234953703703 0.443359375 0.0127314814814814 0.01953125