0 0.6301938657407408 0.3388744212962963 0.029571759259259256 0.027546296296296235
4 0.6273292824074075 0.3740306712962963 0.03674768518518512 0.019791666666666652
2 0.7437934027777777 0.33412905092592593 0.031524884259259256 0.02756076388888884
6 0.8044994212962964 0.33172743055555554 0.029412615740740833 0.025593171296296235
7 0.8691116898148148 0.32929687500000004 0.02777777777777768 0.02948495370370363
8 0.9317708333333333 0.32688078703703705 0.031843171296296324 0.03146701388888884
1 0.6868344907407408 0.3384548611111111 0.027618634259259256 0.027531828703703742
3 0.6841290509259259 0.3716579861111111 0.03674768518518512 0.019791666666666652
3 0.7428819444444444 0.3692708333333333 0.03674768518518512 0.019791666666666652
4 0.8034288194444444 0.368822337962963 0.03870081018518512 0.019806134259259256
5 0.8662471064814814 0.364453125 0.02387152777777768 0.029456018518518534
5 0.9287471064814814 0.36399016203703705 0.02582465277777768 0.029470486111111138
8 0.3417824074074074 0.42884837962962963 0.015104166666666696 0.017679398148148118
8 0.353978587962963 0.4229021990740741 0.016218171296296324 0.03135127314814823