4 0.42689525462962963 0.3139322916666667 0.039988425925925886 0.01822916666666674
3 0.6710358796296296 0.29765624999999996 0.04607928240740744 0.022526041666666607
4 0.5108796296296296 0.30833333333333335 0.04412615740740744 0.022395833333333393
3 0.26294849537037035 0.32291666666666663 0.04021990740740744 0.02213541666666674
1 0.3479890046296297 0.26666666666666666 0.03103298611111116 0.03125
0 0.2659577546296296 0.2721354166666667 0.03493923611111116 0.03151041666666665
5 0.5910734953703703 0.30104166666666665 0.025405092592592604 0.03476562499999991
7 0.5938512731481482 0.25416666666666665 0.03103298611111116 0.03125
2 0.4299045138888889 0.2631510416666667 0.030801504629629606 0.02734375
5 0.34497974537037035 0.31744791666666666 0.025405092592592604 0.03476562500000002
6 0.5138888888888888 0.25755208333333335 0.030801504629629495 0.02734375
8 0.6758825231481482 0.24869791666666669 0.03103298611111116 0.03125