0 0.23682002314814815 0.23402777777777778 0.04547164351851851 0.037774884259259234
6 0.5765769675925926 0.244921875 0.03765914351851851 0.03765914351851851
2 0.4652488425925926 0.24327256944444445 0.04156539351851851 0.03771701388888887
1 0.353978587962963 0.23771701388888888 0.04552951388888893 0.041681134259259234
5 0.4642650462962963 0.3096788194444444 0.028009259259259345 0.04532696759259269
5 0.23776041666666667 0.30241608796296293 0.02800925925925929 0.04532696759259269
7 0.6839409722222223 0.2504195601851852 0.03765914351851851 0.03765914351851851
4 0.5755353009259259 0.315234375 0.055034722222222054 0.024247685185185164
3 0.3509837962962963 0.3080005787037037 0.055034722222222276 0.024247685185185164
4 0.6848813657407407 0.3188078703703704 0.05509259259259247 0.028153935185185164
3 0.7903501157407408 0.3203703703703704 0.051128472222222276 0.024189814814814747
8 0.7913339120370371 0.25396412037037036 0.037630208333333304 0.03570601851851851
8 0.057421875 0.4755642361111111 0.01783854166666668 0.017838541666666652