3 0.36344039351851853 0.34751157407407407 0.03838252314814816 0.023408564814814792
3 0.2851996527777778 0.349609375 0.04205729166666661 0.019704861111111138
4 0.5808159722222223 0.3460358796296296 0.03631365740740744 0.021354166666666674
4 0.6471064814814815 0.3406394675925926 0.03631365740740744 0.021354166666666674
0 0.2803530092592592 0.3008825231481481 0.03298611111111116 0.030917245370370328
6 0.5076099537037038 0.30085358796296297 0.022989004629629495 0.026504629629629628
7 0.5780381944444444 0.2991608796296296 0.02322048611111116 0.030410879629629628
2 0.4351128472222222 0.30069444444444443 0.030801504629629606 0.02690972222222221
5 0.43984375 0.3474681712962963 0.02333622685185177 0.03236400462962963
5 0.5122251157407407 0.3456741898148148 0.023336226851851993 0.03236400462962963
1 0.36066261574074077 0.30063657407407407 0.02712673611111116 0.030613425925925863
8 0.6466290509259259 0.29952256944444444 0.026895254629629717 0.026707175925925863