3 0.685546875 0.3203125 0.046875 0.021484375
6 0.498046875 0.25 0.03515625 0.03125
4 0.595703125 0.31640625 0.046875 0.021484375
2 0.39453125 0.244140625 0.037109375 0.037109375
4 0.49609375 0.314453125 0.05078125 0.021484375
3 0.287109375 0.302734375 0.056640625 0.025390625
5 0.39453125 0.306640625 0.02734375 0.04296875
0 0.17578125 0.23046875 0.04296875 0.037109375
1 0.287109375 0.23828125 0.037109375 0.037109375
7 0.595703125 0.25390625 0.03515625 0.03515625
5 0.173828125 0.296875 0.02734375 0.04296875
8 0.6875 0.26171875 0.03125 0.03125