0 0.5984375 0.46953124999999996 0.017057291666666696 0.022526041666666607
1 0.627734375 0.47148437499999996 0.01718749999999991 0.024479166666666607
2 0.6549479166666666 0.47526041666666663 0.017057291666666696 0.022526041666666607
6 0.6860677083333333 0.47929687499999996 0.01692708333333348 0.020572916666666607
7 0.7113281250000001 0.4829427083333333 0.01718749999999991 0.024479166666666607
8 0.7365885416666667 0.48658854166666665 0.017057291666666696 0.022526041666666607
4 0.598828125 0.4930989583333333 0.018619791666666607 0.016796875000000044
3 0.628125 0.4950520833333333 0.018619791666666607 0.016796875000000044
5 0.6572916666666666 0.49895833333333334 0.013020833333333481 0.020312500000000067
4 0.6825520833333334 0.5026041666666667 0.016406250000000178 0.012760416666666607
3 0.7098958333333334 0.5044270833333333 0.016536458333333393 0.014713541666666607
5 0.73515625 0.5080729166666667 0.013020833333333481 0.020312499999999956