4 0.419921875 0.35546875 0.041015625 0.01953125
6 0.650390625 0.3125 0.025390625 0.025390625
4 0.65234375 0.359375 0.041015625 0.01953125
2 0.57421875 0.310546875 0.03125 0.02734375
3 0.498046875 0.35546875 0.041015625 0.01953125
1 0.498046875 0.310546875 0.02734375 0.02734375
5 0.796875 0.361328125 0.01953125 0.03515625
3 0.724609375 0.359375 0.037109375 0.01953125
0 0.421875 0.30859375 0.03125 0.025390625
5 0.57421875 0.35546875 0.01953125 0.03125
7 0.724609375 0.314453125 0.025390625 0.02734375
8 0.798828125 0.31640625 0.02734375 0.025390625