3 0.02582465277777778 0.2944010416666667 0.04139178240740741 0.028124999999999956
4 0.36963252314814815 0.32122395833333334 0.058969907407407374 0.029296875
5 0.486791087962963 0.32708333333333334 0.03002025462962954 0.05078125
2 0.24939236111111113 0.2390625 0.04159432870370372 0.041796874999999956
3 0.6020543981481481 0.33671875 0.06092303240740726 0.029427083333333326
4 0.2523871527777778 0.30950520833333334 0.058969907407407374 0.029296875
1 0.1341579861111111 0.23138020833333334 0.04159432870370372 0.041796874999999956
5 0.13517071759259258 0.29973958333333334 0.03002025462962965 0.05078125
0 0.01886574074074074 0.21979166666666666 0.031828703703703706 0.041145833333333326
6 0.3685329861111111 0.24700520833333334 0.04159432870370372 0.041796874999999956
7 0.48572048611111107 0.25481770833333334 0.04162326388888893 0.043749999999999956
8 0.6009837962962963 0.264453125 0.04159432870370372 0.041796874999999956