0 0.5569878472222223 0.2873263888888889 0.03776041666666652 0.03059895833333337
1 0.6409722222222223 0.2904369212962963 0.03793402777777777 0.03255208333333326
2 0.7231770833333333 0.29542824074074076 0.040234375000000044 0.03653067129629628
6 0.8071614583333333 0.29853877314814814 0.03190104166666652 0.03038194444444442
7 0.8852864583333333 0.3014322916666667 0.030121527777777768 0.03226273148148151
8 0.9696180555555556 0.30844907407407407 0.03420138888888902 0.03436053240740744
4 0.5615017361111112 0.3381076388888889 0.043098958333333215 0.02495659722222221
3 0.6454861111111111 0.3412181712962963 0.04683159722222219 0.02314814814814814
5 0.7276909722222222 0.34620949074074076 0.02690972222222232 0.03993055555555558
5 0.9720052083333333 0.3572048611111111 0.02087673611111107 0.03776041666666663
4 0.8116753472222222 0.34932002314814814 0.04683159722222219 0.02314814814814814
3 0.8878472222222222 0.3521412037037037 0.04683159722222219 0.02314814814814814