0 0.5234375 0.314453125 0.03125 0.02734375
1 0.599609375 0.31640625 0.03125 0.029296875
2 0.673828125 0.31640625 0.033203125 0.03125
6 0.75 0.31640625 0.025390625 0.02734375
7 0.818359375 0.31640625 0.025390625 0.02734375
8 0.89453125 0.3203125 0.02734375 0.029296875
4 0.5234375 0.361328125 0.037109375 0.021484375
3 0.599609375 0.36328125 0.041015625 0.01953125
5 0.673828125 0.36328125 0.021484375 0.03515625
5 0.892578125 0.365234375 0.017578125 0.033203125
4 0.748046875 0.36328125 0.041015625 0.01953125
3 0.81640625 0.36328125 0.041015625 0.01953125