3 0.48046875 0.28515625 0.05859375 0.025390625
4 0.826171875 0.287109375 0.052734375 0.025390625
3 0.244140625 0.283203125 0.056640625 0.02734375
1 0.357421875 0.20703125 0.041015625 0.041015625
2 0.48046875 0.208984375 0.041015625 0.04296875
4 0.712890625 0.28515625 0.056640625 0.02734375
0 0.23828125 0.20703125 0.046875 0.04296875
5 0.59765625 0.28515625 0.03125 0.05078125
7 0.716796875 0.2109375 0.041015625 0.041015625
5 0.361328125 0.28125 0.02734375 0.05078125
6 0.59765625 0.2109375 0.041015625 0.041015625
8 0.833984375 0.212890625 0.04296875 0.04296875