4 0.6204427083333333 0.3495225694444445 0.04930555555555571 0.02365451388888884
3 0.43285590277777775 0.3372829861111111 0.05125868055555549 0.023741319444444464
1 0.43359375 0.2826822916666667 0.032031249999999956 0.036545138888888884
5 0.337109375 0.3310763888888889 0.024262152777777768 0.03815104166666661
7 0.7090277777777778 0.296875 0.03194444444444455 0.032638888888888884
5 0.5285590277777779 0.34153645833333335 0.028255208333333393 0.04223090277777786
3 0.8021267361111111 0.35954861111111114 0.049348958333333304 0.02560763888888884
4 0.7102864583333333 0.353515625 0.04539930555555571 0.023480902777777812
8 0.8009114583333334 0.30486111111111114 0.03585069444444455 0.03281249999999991
6 0.6191840277777778 0.29288194444444443 0.03585069444444455 0.03281250000000002
2 0.52734375 0.28684895833333335 0.035937499999999956 0.03671875000000002
0 0.33585069444444443 0.2744357638888889 0.03780381944444444 0.032899305555555536
8 0.05407986111111111 0.4141059027777778 0.014149305555555547 0.02209201388888893
8 0.028819444444444443 0.4188368055555556 0.01848958333333333 0.041796874999999956
8 0.018880208333333336 0.4105902777777778 0.020225694444444442 0.03211805555555558
8 0.03441840277777777 0.40737847222222223 0.017968750000000006 0.018359374999999956