3 0.16796875 0.326171875 0.046875 0.015625
4 0.619140625 0.330078125 0.044921875 0.015625
4 0.529296875 0.330078125 0.05078125 0.021484375
3 0.349609375 0.328125 0.048828125 0.01953125
5 0.439453125 0.326171875 0.02734375 0.02734375
8 0.61328125 0.291015625 0.03125 0.025390625
2 0.3515625 0.287109375 0.03515625 0.025390625
5 0.259765625 0.326171875 0.025390625 0.02734375
7 0.52734375 0.2890625 0.02734375 0.021484375
0 0.17578125 0.287109375 0.037109375 0.025390625
1 0.267578125 0.287109375 0.03515625 0.025390625
6 0.44140625 0.287109375 0.03515625 0.025390625