0 0.09907407407407406 0.3799913194444444 0.021600115740740722 0.02625868055555558
1 0.14072627314814815 0.3896267361111111 0.02128182870370371 0.02235243055555558
4 0.1411603009259259 0.4188368055555556 0.020963541666666696 0.01844618055555558
5 0.10146122685185185 0.4092881944444444 0.017534722222222243 0.024131944444444442
2 0.17620081018518519 0.3950954861111111 0.017534722222222188 0.024131944444444442
6 0.20988136574074073 0.40243055555555557 0.021122685185185175 0.02039930555555558
7 0.24160879629629628 0.4096788194444444 0.01526331018518523 0.02013888888888893
8 0.2691116898148148 0.41284722222222225 0.013469328703703765 0.022005208333333304
5 0.18054108796296295 0.4244791666666667 0.01737557870370371 0.022178819444444442
3 0.21195023148148148 0.42782118055555557 0.02291666666666664 0.018532986111111094
4 0.24351851851851852 0.43311631944444445 0.022916666666666696 0.018532986111111094