4 0.6450954861111111 0.2603587962962963 0.06317997685185195 0.02824074074074079
4 0.25995370370370374 0.2621527777777778 0.06746238425925921 0.032204861111111094
3 0.38904803240740743 0.26219618055555555 0.06708622685185184 0.028298611111111094
3 0.5161892361111111 0.2622685185185185 0.07136863425925921 0.03226273148148151
6 0.6358072916666666 0.18421585648148148 0.04691840277777759 0.04165219907407408
5 0.7663773148148147 0.26051793981481486 0.03809317129629619 0.051273148148148096
5 0.8894241898148147 0.25869502314814813 0.03614004629629619 0.051244212962963
0 0.24833622685185186 0.18213252314814815 0.05529513888888893 0.0476273148148148
8 0.8824652777777777 0.18642939814814816 0.04691840277777759 0.04165219907407408
2 0.508666087962963 0.1841435185185185 0.051012731481481444 0.04366319444444444
1 0.3813368055555556 0.18211805555555555 0.047106481481481444 0.04360532407407408
7 0.7570891203703703 0.184375 0.04691840277777781 0.041652199074074026