6 0.7721788194444444 0.23269675925925926 0.04040798611111107 0.03903356481481479
5 0.9882378472222222 0.278197337962963 0.023524305555555625 0.04438657407407409
3 0.8848090277777778 0.2857204861111111 0.05907118055555571 0.030280671296296302
7 0.8773003472222223 0.22332175925925926 0.04236111111111107 0.039134837962962965
8 0.9826605902777779 0.21569733796296295 0.03467881944444429 0.039134837962962965
5 0.6781250000000001 0.3003616898148148 0.033116319444444375 0.04448784722222221
3 0.5808159722222221 0.30933159722222225 0.054817708333333215 0.026171874999999956
4 0.4815538194444444 0.31840277777777776 0.05286458333333344 0.026070601851851838
1 0.5757812499999999 0.25269097222222225 0.04006076388888902 0.03512731481481479
2 0.6729166666666666 0.24176793981481481 0.04040798611111107 0.03903356481481479
4 0.7796875 0.29509548611111114 0.05447048611111116 0.022265624999999956
0 0.4763454861111111 0.2598090277777778 0.040060763888888906 0.03512731481481479