0 0.21154513888888887 0.34267939814814813 0.031148726851851882 0.03168402777777779
1 0.27760416666666665 0.33780381944444443 0.031264467592592604 0.03363715277777779
2 0.3435474537037037 0.33097511574074073 0.031264467592592604 0.03363715277777779
6 0.4171875 0.3223090277777778 0.033217592592592604 0.03366608796296289
7 0.49680266203703705 0.31568287037037035 0.035170717592592604 0.033695023148148096
8 0.5802083333333334 0.3071614583333333 0.037239583333333215 0.035677083333333304
4 0.21443865740740742 0.3915075231481482 0.034592013888888884 0.023929398148148096
3 0.2786603009259259 0.3885561342592593 0.034707754629629606 0.025882523148148096
5 0.348509837962963 0.3817853009259259 0.02770543981481488 0.039438657407407485
4 0.4203125 0.3750434027777778 0.042404513888888884 0.02404513888888893
3 0.4980902777777778 0.3703414351851852 0.046310763888888884 0.024103009259259234
5 0.5836805555555555 0.3657552083333333 0.031843171296296324 0.04340277777777768