0 0.06665219907407406 0.3531684027777778 0.030381944444444448 0.02990451388888893
1 0.13326099537037037 0.3497395833333333 0.02822627314814813 0.027907986111111116
2 0.19401041666666669 0.34644097222222225 0.03038194444444442 0.02990451388888893
6 0.262572337962963 0.34296875 0.028631365740740655 0.031814236111111116
7 0.32918113425925927 0.33953993055555554 0.029976851851851838 0.02599826388888893
8 0.39949363425925927 0.3379774305555555 0.03038194444444442 0.02990451388888893
4 0.06414930555555555 0.39609375 0.035431134259259256 0.022222222222222143
3 0.12685185185185185 0.39275173611111114 0.03563368055555555 0.024175347222222143
5 0.19171006944444444 0.38741319444444444 0.022974537037037057 0.03363715277777779
4 0.25811631944444446 0.3859375 0.03563368055555549 0.024175347222222254
3 0.32452256944444446 0.38446180555555554 0.041290509259259256 0.02235243055555558
5 0.39328703703703705 0.3790364583333333 0.022974537037037113 0.03363715277777779