2 0.4966145833333333 0.35425347222222225 0.027864583333333304 0.024855324074074092
8 0.6762586805555556 0.36552372685185186 0.024001736111111116 0.026605902777777746
7 0.6196614583333333 0.36063368055555556 0.024001736111111116 0.026605902777777746
3 0.4351996527777778 0.3901765046296296 0.03749999999999998 0.019502314814814792
6 0.5591145833333333 0.35749421296296297 0.025954861111111116 0.026707175925925974
1 0.4380208333333333 0.3512152777777778 0.023958333333333304 0.024652777777777746
5 0.6187934027777777 0.39969618055555556 0.020225694444444553 0.03226273148148151
4 0.5582465277777777 0.39655671296296297 0.03164062500000009 0.019198495370370328
5 0.6773871527777777 0.402734375 0.02018229166666652 0.0303096064814814
4 0.37469618055555554 0.38508391203703707 0.03559027777777779 0.021354166666666563
3 0.49570312499999997 0.39526909722222225 0.03554687499999998 0.019401041666666563
0 0.3755208333333333 0.34797453703703707 0.023958333333333304 0.024652777777777857