3 0.28292824074074074 0.2155960648148148 0.07123842592592589 0.033333333333333326
2 0.42764756944444443 0.14755497685185184 0.05526620370370372 0.021151620370370383
4 0.7125578703703703 0.23028067129629629 0.06934317129629619 0.035228587962962965
5 0.42745949074074074 0.21987847222222223 0.038787615740740744 0.057740162037037024
3 0.8531249999999999 0.23640046296296297 0.07123842592592577 0.033333333333333326
4 0.5738281249999999 0.228125 0.07123842592592577 0.033333333333333326
0 0.14053819444444443 0.13904803240740743 0.05135995370370372 0.021035879629629606
6 0.5721788194444445 0.15183738425925924 0.05135995370370372 0.021035879629629606
5 0.13839699074074074 0.2113136574074074 0.034881365740740744 0.0576244212962963
1 0.28702256944444443 0.1433883101851852 0.04745370370370372 0.020920138888888884
8 0.8592303240740742 0.1622974537037037 0.05147569444444455 0.024942129629629606
7 0.7147569444444445 0.15606192129629629 0.04745370370370372 0.020920138888888884