4 0.7701822916666667 0.36328125 0.04340277777777768 0.021484375
4 0.5095486111111112 0.353515625 0.05121527777777768 0.021484375
3 0.6866319444444444 0.359375 0.04730902777777768 0.021484375
5 0.5991753472222222 0.35546875 0.02604166666666674 0.041015625
2 0.60546875 0.298828125 0.03862847222222232 0.03125
0 0.4225260416666667 0.29296875 0.03862847222222221 0.03125
6 0.6929253472222223 0.302734375 0.03472222222222232 0.03125
1 0.5160590277777778 0.294921875 0.0386284722222221 0.03125
5 0.4181857638888889 0.349609375 0.02799479166666663 0.041015625
7 0.7745225694444444 0.306640625 0.03472222222222232 0.03125
3 0.8500434027777778 0.365234375 0.04296875 0.017578125
8 0.8563368055555556 0.30859375 0.03472222222222232 0.03125