2 0.254296875 0.36529224537037036 0.019878472222222276 0.02372685185185186
6 0.29913194444444446 0.3704861111111111 0.019907407407407485 0.02567997685185186
3 0.2537760416666667 0.4004484953703704 0.023640046296296235 0.014019097222222276
4 0.3005931712962963 0.4036603009259259 0.025651041666666652 0.017954282407407374
5 0.15238715277777778 0.390234375 0.014076967592592582 0.027546296296296235
7 0.3400607638888889 0.37573784722222225 0.01786747685185186 0.019791666666666652
1 0.20750868055555555 0.3601273148148148 0.01987847222222222 0.02372685185185186
4 0.33956886574074074 0.40894097222222225 0.023640046296296235 0.014019097222222276
3 0.20698784722222224 0.3952835648148148 0.027604166666666652 0.017983217592592582
0 0.1529369212962963 0.353125 0.01982060185185186 0.01982060185185186
5 0.37664930555555554 0.41034432870370374 0.014048032407407485 0.025593171296296235