3 0.032121672453703703 0.21184895833333334 0.06424334490740741 0.034939236111111105
4 0.48835358796296297 0.22608506944444445 0.07692418981481486 0.034852430555555536
5 0.180078125 0.21532118055555555 0.04204282407407406 0.06137152777777777
4 0.33405671296296297 0.22265625 0.07692418981481486 0.034852430555555536
3 0.640697337962963 0.2294704861111111 0.07692418981481497 0.034852430555555536
2 0.1843315972222222 0.1391059027777778 0.054166666666666696 0.018750000000000044
8 0.6470630787037037 0.1513454861111111 0.05432581018518512 0.020703125000000044
6 0.33862847222222225 0.14253472222222222 0.054166666666666696 0.01874999999999999
7 0.49487847222222225 0.14600694444444445 0.058072916666666696 0.018836805555555558
1 0.030034722222222227 0.13567708333333334 0.05221354166666667 0.018706597222222232
3 0.06611689814814815 0.4612847222222222 0.021122685185185175 0.01996527777777779
3 0.09150752314814814 0.46184895833333334 0.019169560185185175 0.019921874999999978