0 0.35833333333333334 0.2410011574074074 0.0395399305555556 0.04156539351851851
1 0.4532262731481481 0.22591145833333331 0.041608796296296324 0.04354745370370372
2 0.5577690972222222 0.20872395833333335 0.047583912037036935 0.045587384259259234
6 0.6739149305555556 0.18940972222222222 0.0497685185185186 0.04952256944444444
7 0.8076388888888888 0.16983506944444443 0.0536747685185186 0.04958043981481486
8 0.9549189814814815 0.14810474537037038 0.05804398148148149 0.057450810185185164
4 0.36019965277777777 0.30548321759259256 0.04654224537037033 0.028009259259259345
3 0.4573929398148148 0.29622395833333337 0.05263310185185188 0.03200231481481475
5 0.5620515046296296 0.28098958333333335 0.030468750000000044 0.05313946759259258
4 0.6803819444444444 0.26555266203703703 0.0644675925925926 0.034129050925925886
3 0.8125 0.2518663194444445 0.0742332175925926 0.034273726851851816
5 0.960011574074074 0.23404224537037036 0.044603587962963154 0.06115451388888887