0 0.03797743055555555 0.2934027777777778 0.03619791666666666 0.035677083333333304
1 0.12196180555555555 0.29464699074074074 0.030280671296296302 0.03363715277777779
2 0.20594618055555555 0.2958912037037037 0.0400462962962963 0.03378182870370372
6 0.29182581018518516 0.29521122685185186 0.034302662037037024 0.037601273148148096
7 0.3757523148148148 0.2945023148148148 0.0380931712962963 0.03375289351851851
8 0.46174768518518516 0.297728587962963 0.040162037037037024 0.03768807870370372
5 0.37536168981481477 0.3472077546296296 0.02654803240740744 0.039438657407407485
5 0.2913773148148148 0.34596354166666665 0.026605902777777746 0.041391782407407485
4 0.20543981481481483 0.3446903935185185 0.04940682870370372 0.02025462962962954
4 0.12352430555555556 0.34738136574074074 0.04963831018518519 0.02806712962962965
3 0.037528935185185186 0.3441550925925926 0.04366319444444444 0.024074074074074137
3 0.4633101851851852 0.350462962962963 0.04567418981481486 0.026056134259259234