0 0.6923900462962963 0.35332754629629626 0.015798611111111027 0.024363425925925997
1 0.7275173611111111 0.35515046296296293 0.01776620370370363 0.026432291666666607
2 0.7607060185185186 0.3551359953703703 0.01775173611111125 0.024479166666666607
6 0.7938802083333334 0.3570746527777778 0.01775173611111125 0.02447916666666672
7 0.8251157407407408 0.35717592592592595 0.01579861111111125 0.024363425925925997
8 0.8543981481481482 0.3573929398148148 0.01384548611111125 0.024247685185185164
4 0.6921730324074074 0.3826244212962963 0.021600115740740833 0.016898148148148162
3 0.7273003472222221 0.384447337962963 0.021614583333333215 0.018851273148148162
5 0.7624565972222221 0.3823640046296296 0.01384548611111125 0.024247685185185164
4 0.793677662037037 0.3844184027777778 0.019646990740740833 0.01678240740740744
3 0.8249131944444444 0.38451967592592595 0.021614583333333437 0.01885127314814805
5 0.8542100694444444 0.3827835648148148 0.015784143518518423 0.022410300925925997