4 0.41015625 0.39453125 0.025390625 0.017578125
4 0.44921875 0.3984375 0.021484375 0.015625
4 0.36328125 0.38671875 0.025390625 0.015625
5 0.2578125 0.37109375 0.015625 0.03125
6 0.408203125 0.35546875 0.015625 0.025390625
8 0.486328125 0.37109375 0.015625 0.021484375
1 0.314453125 0.33984375 0.021484375 0.025390625
7 0.44921875 0.36328125 0.015625 0.021484375
4 0.314453125 0.37890625 0.02734375 0.015625
5 0.484375 0.40234375 0.01171875 0.021484375
2 0.36328125 0.349609375 0.01953125 0.025390625
0 0.2578125 0.33203125 0.021484375 0.025390625