4 0.6328125 0.283203125 0.052734375 0.021484375
3 0.05078125 0.27734375 0.05859375 0.01953125
3 0.517578125 0.28125 0.05859375 0.01953125
4 0.173828125 0.279296875 0.05859375 0.021484375
5 0.2890625 0.279296875 0.02734375 0.03515625
5 0.40234375 0.28125 0.03125 0.037109375
8 0.630859375 0.232421875 0.041015625 0.033203125
1 0.185546875 0.23046875 0.044921875 0.033203125
7 0.515625 0.23046875 0.037109375 0.02734375
0 0.06640625 0.2265625 0.041015625 0.037109375
2 0.294921875 0.228515625 0.041015625 0.03125
6 0.40625 0.23046875 0.037109375 0.02734375