6 0.8046875 0.318359375 0.02734375 0.025390625
2 0.73046875 0.31640625 0.03125 0.02734375
1 0.66015625 0.31640625 0.025390625 0.025390625
4 0.8046875 0.36328125 0.03515625 0.015625
5 0.947265625 0.365234375 0.01953125 0.03125
3 0.658203125 0.361328125 0.041015625 0.015625
5 0.732421875 0.36328125 0.021484375 0.03125
4 0.583984375 0.361328125 0.037109375 0.015625
3 0.875 0.36328125 0.037109375 0.015625
7 0.876953125 0.318359375 0.02734375 0.025390625
0 0.58203125 0.314453125 0.02734375 0.02734375
8 0.94921875 0.3203125 0.02734375 0.02734375