4 0.50703125 0.28125 0.06176215277777786 0.02734375
4 0.626171875 0.28125 0.05785590277777786 0.02734375
3 0.0234375 0.27734375 0.046875 0.02734375
3 0.14001736111111113 0.27734375 0.06566840277777775 0.02734375
1 0.14322916666666666 0.205078125 0.044791666666666674 0.041015625
5 0.3861111111111111 0.27734375 0.031380208333333326 0.046875
5 0.26510416666666664 0.275390625 0.031553819444444464 0.05078125
2 0.2662760416666667 0.205078125 0.042838541666666674 0.041015625
6 0.3893229166666667 0.205078125 0.044791666666666674 0.041015625
0 0.021375868055555556 0.201171875 0.04275173611111111 0.041015625
8 0.6294704861111111 0.20703125 0.044791666666666785 0.041015625
7 0.5083767361111111 0.20703125 0.04479166666666656 0.041015625