4 0.4013454861111111 0.37825520833333337 0.02777777777777779 0.020746527777777857
4 0.44223090277777777 0.3822916666666667 0.023828124999999978 0.018619791666666607
4 0.35073784722222223 0.3726996527777778 0.027734374999999978 0.018793402777777746
5 0.23975694444444445 0.36202256944444444 0.018315972222222254 0.033984374999999956
6 0.4003038194444445 0.3373263888888889 0.01818576388888893 0.028124999999999956
8 0.4839409722222222 0.34921875 0.018098958333333304 0.024218749999999956
1 0.30104166666666665 0.3261284722222222 0.02404513888888893 0.028385416666666607
7 0.44305555555555554 0.3451822916666667 0.018098958333333304 0.024218749999999956
4 0.30013020833333337 0.3671440972222222 0.02968750000000009 0.01888020833333326
5 0.48125 0.38250868055555554 0.014192708333333304 0.02404513888888893
2 0.3516059027777778 0.3336371527777778 0.02013888888888893 0.02821180555555558
0 0.24071180555555555 0.31905381944444444 0.02404513888888893 0.028385416666666607