3 0.39453125 0.33203125 0.04296875 0.021484375
0 0.234375 0.2890625 0.03125 0.02734375
4 0.671875 0.31640625 0.05078125 0.021484375
3 0.572265625 0.32421875 0.05078125 0.021484375
4 0.3125 0.3359375 0.04296875 0.021484375
1 0.3125 0.283203125 0.025390625 0.02734375
5 0.48046875 0.326171875 0.025390625 0.041015625
7 0.57421875 0.263671875 0.03515625 0.03515625
2 0.39453125 0.27734375 0.03125 0.03125
8 0.671875 0.255859375 0.037109375 0.037109375
5 0.234375 0.33984375 0.01953125 0.03515625
6 0.48046875 0.26953125 0.03125 0.03515625