1 0.3907552083333333 0.2519386574074074 0.033940972222222254 0.03369502314814821
7 0.671875 0.25363136574074074 0.030034722222222143 0.03363715277777779
4 0.5768229166666667 0.31361400462962963 0.05121527777777768 0.02028356481481486
3 0.7623697916666667 0.310865162037037 0.04730902777777768 0.020225694444444442
3 0.38550347222222225 0.3125434027777778 0.051302083333333304 0.024189814814814747
5 0.2860243055555556 0.3081597222222222 0.02821180555555558 0.03946759259259258
4 0.6725260416666666 0.31219618055555554 0.047395833333333304 0.024131944444444442
5 0.48315972222222225 0.3110966435185185 0.02821180555555558 0.03946759259259258
6 0.5801215277777778 0.2530381944444444 0.02994791666666652 0.02973090277777779
8 0.7675347222222222 0.25416666666666665 0.03385416666666652 0.029788773148148096
2 0.48250868055555557 0.2525318287037037 0.037847222222222254 0.03375289351851851
0 0.28728298611111114 0.2515190972222222 0.03980034722222214 0.03378182870370372
8 0.008333333333333331 0.41575520833333335 0.014105902777777776 0.019733796296296235
8 0.011805555555555555 0.43522858796296293 0.018012152777777776 0.019791666666666652