4 0.18586516203703704 0.2554253472222222 0.06863425925925926 0.03226273148148151
3 0.6716724537037037 0.23712384259259256 0.060821759259259256 0.03168402777777779
5 0.04835069444444444 0.25578703703703703 0.039453125000000006 0.05533854166666663
3 0.43829571759259256 0.24262152777777776 0.06472800925925926 0.031973379629629595
4 0.5580729166666667 0.24160879629629628 0.056915509259259256 0.03139467592592593
2 0.30692997685185186 0.17375578703703703 0.044357638888888884 0.04405381944444442
5 0.31477141203703707 0.2458767361111111 0.03522858796296302 0.05114293981481477
6 0.4324074074074074 0.1703559027777778 0.044357638888888884 0.04405381944444442
0 0.04214409722222222 0.17961516203703703 0.052488425925925924 0.04853877314814814
1 0.1794994212962963 0.1773003472222222 0.04858217592592595 0.04824942129629628
8 0.6657841435185186 0.1648582175925926 0.04419849537037024 0.042100694444444475
7 0.5521846064814815 0.16934317129629628 0.044357638888888884 0.04405381944444442