0 0.24327256944444445 0.2870225694444445 0.032986111111111105 0.03342013888888884
1 0.32790798611111116 0.28054108796296295 0.03298611111111116 0.03342013888888884
4 0.70703125 0.3109085648148148 0.05338541666666674 0.023813657407407374
4 0.32161458333333337 0.33718171296296295 0.04361979166666674 0.023741319444444464
3 0.408203125 0.33068576388888893 0.04709201388888884 0.019864004629629672
3 0.6026475694444444 0.31948784722222223 0.05338541666666652 0.023813657407407374
5 0.5023871527777778 0.3260850694444445 0.02994791666666674 0.04120370370370363
2 0.4144965277777778 0.27404513888888893 0.03689236111111116 0.03344907407407405
7 0.6076388888888888 0.25700231481481484 0.0390625 0.03541666666666665
6 0.5093315972222222 0.26358506944444443 0.037109375 0.03540219907407405
5 0.23741319444444442 0.33975694444444443 0.02734375 0.03532986111111114
8 0.7139756944444444 0.24840856481481483 0.04340277777777768 0.03935185185185186