0 0.2777777777777778 0.31134259259259256 0.03298611111111116 0.03428819444444442
1 0.3454861111111111 0.3029513888888889 0.033203125 0.03624131944444442
2 0.4129774305555556 0.2926070601851852 0.03515625 0.03631365740740744
6 0.48611111111111116 0.28009259259259256 0.03515625 0.03631365740740744
7 0.5672743055555556 0.26924189814814814 0.03884548611111116 0.03450520833333337
8 0.6560329861111112 0.25614872685185186 0.0390625 0.03645833333333326
4 0.2834201388888889 0.36212384259259256 0.03580729166666663 0.02466724537037046
3 0.3493923611111111 0.35575810185185186 0.03819444444444442 0.02864583333333326
5 0.4188368055555556 0.3453414351851852 0.02973090277777768 0.04000289351851849
4 0.494140625 0.33470775462962965 0.04361979166666674 0.02495659722222232
3 0.5735677083333334 0.32588252314814814 0.04969618055555558 0.02712673611111116
5 0.6605902777777778 0.3148148148148148 0.03428819444444442 0.04600694444444442