0 0.17390046296296297 0.1267795138888889 0.06141493055555558 0.013064236111111127
3 0.32993344907407407 0.20520833333333333 0.07848668981481477 0.03294270833333335
4 0.6340422453703703 0.20625 0.07096354166666674 0.03667534722222221
3 0.9225260416666667 0.20763888888888887 0.07848668981481488 0.03294270833333335
4 0.7820457175925926 0.2088107638888889 0.07067418981481488 0.03276909722222221
5 0.4837962962962963 0.20763888888888887 0.04159432870370372 0.06137152777777777
5 0.16825810185185186 0.2029513888888889 0.04564525462962965 0.06341145833333334
8 0.9326533564814815 0.12356770833333333 0.05353009259259256 0.03823784722222223
6 0.6401186342592593 0.12421874999999999 0.0528067129629628 0.028472222222222232
7 0.7884114583333333 0.12287326388888889 0.04723668981481488 0.032248263888888906
1 0.3357204861111111 0.12708333333333333 0.0522280092592593 0.020659722222222232
2 0.48987268518518523 0.12560763888888887 0.05266203703703698 0.026519097222222232