4 0.458984375 0.34765625 0.04296875 0.01953125
4 0.541015625 0.34765625 0.04296875 0.01953125
3 0.291015625 0.34765625 0.04296875 0.01953125
3 0.705078125 0.349609375 0.041015625 0.01953125
0 0.291015625 0.294921875 0.03125 0.02734375
5 0.62109375 0.34765625 0.01953125 0.03515625
1 0.373046875 0.294921875 0.02734375 0.02734375
7 0.62109375 0.298828125 0.03125 0.02734375
2 0.45703125 0.296875 0.02734375 0.03125
5 0.373046875 0.345703125 0.021484375 0.03515625
6 0.5390625 0.298828125 0.02734375 0.02734375
8 0.705078125 0.298828125 0.02734375 0.02734375