3 0.269140625 0.240234375 0.06901041666666663 0.03081597222222221
2 0.40399305555555554 0.15321180555555555 0.05186631944444442 0.04995659722222223
4 0.6793402777777777 0.23307291666666666 0.06519097222222214 0.03463541666666664
5 0.4078125 0.2371527777777778 0.03637152777777786 0.05546875000000001
3 0.8141493055555555 0.23203125 0.06901041666666652 0.03081597222222221
4 0.5465711805555555 0.23797743055555554 0.06901041666666652 0.03081597222222221
0 0.12864583333333335 0.16128472222222223 0.049826388888888906 0.04600694444444442
6 0.5407552083333333 0.1521267361111111 0.04982638888888902 0.04600694444444442
5 0.13046875 0.24331597222222223 0.0344184027777778 0.055425347222222254
1 0.26727430555555554 0.15625 0.04600694444444442 0.049826388888888906
8 0.8142361111111112 0.1480034722222222 0.04982638888888902 0.04600694444444442
7 0.6774739583333333 0.14908854166666669 0.04592013888888902 0.045920138888888906