0 0.01953125 0.36328125 0.025390625 0.025390625
1 0.068359375 0.373046875 0.01953125 0.0234375
2 0.111328125 0.37890625 0.017578125 0.0234375
6 0.15234375 0.384765625 0.013671875 0.01953125
7 0.1875 0.390625 0.015625 0.021484375
8 0.220703125 0.396484375 0.017578125 0.01953125
5 0.021484375 0.3984375 0.01171875 0.02734375
4 0.068359375 0.404296875 0.025390625 0.013671875
3 0.111328125 0.408203125 0.015625 0.025390625
3 0.150390625 0.4140625 0.021484375 0.015625
4 0.185546875 0.41796875 0.025390625 0.015625
3 0.220703125 0.421875 0.017578125 0.013671875
0 0.939453125 0.416015625 0.017578125 0.017578125
1 0.974609375 0.4140625 0.017578125 0.017578125