4 0.382421875 0.31640625 0.05190972222222223 0.025390625
4 0.6874565972222222 0.30859375 0.05564236111111098 0.021484375
3 0.5818142361111112 0.3125 0.05564236111111098 0.021484375
5 0.4802517361111111 0.3125 0.027213541666666674 0.041015625
6 0.5846788194444444 0.248046875 0.03671874999999991 0.03515625
2 0.48294270833333336 0.251953125 0.03867187500000002 0.03515625
3 0.7930121527777778 0.306640625 0.05776909722222223 0.025390625
0 0.28728298611111114 0.259765625 0.036545138888888884 0.03125
5 0.28663194444444445 0.318359375 0.027213541666666674 0.041015625
1 0.3851128472222222 0.255859375 0.03281250000000002 0.03515625
7 0.68828125 0.24609375 0.03867187499999991 0.03515625
8 0.7998697916666666 0.240234375 0.038758680555555536 0.037109375