3 0.4674479166666667 0.3066261574074074 0.057204861111111116 0.027068865740740744
4 0.5809027777777778 0.3177951388888889 0.055251736111111116 0.027010995370370328
4 0.23485243055555555 0.29192708333333334 0.06119791666666663 0.031090856481481466
5 0.3560329861111111 0.2994212962962963 0.030338541666666607 0.04774305555555558
3 0.6864149305555556 0.32287326388888893 0.055251736111111116 0.027010995370370328
5 0.10577256944444444 0.2802951388888889 0.03628472222222223 0.05182291666666661
6 0.4678819444444444 0.23832465277777778 0.04188368055555558 0.0402777777777778
2 0.35442708333333334 0.2271556712962963 0.04188368055555558 0.0402777777777778
0 0.10421006944444444 0.20998263888888888 0.04778645833333334 0.042404513888888884
8 0.6868923611111111 0.25652488425925923 0.03993055555555558 0.04021990740740744
1 0.23324652777777777 0.21966145833333334 0.04192708333333339 0.042230902777777746
7 0.5793402777777777 0.24748263888888888 0.04188368055555558 0.040277777777777746