0 0.41796875 0.28125 0.0390625 0.0390625
1 0.50390625 0.275390625 0.03125 0.03125
2 0.59375 0.271484375 0.0390625 0.03515625
6 0.689453125 0.263671875 0.037109375 0.037109375
7 0.791015625 0.25390625 0.037109375 0.03515625
8 0.900390625 0.24609375 0.037109375 0.037109375
5 0.41796875 0.333984375 0.021484375 0.037109375
3 0.59375 0.328125 0.048828125 0.025390625
4 0.50390625 0.333984375 0.05078125 0.0234375
5 0.689453125 0.322265625 0.03125 0.04296875
3 0.791015625 0.318359375 0.056640625 0.0234375
4 0.90234375 0.310546875 0.05859375 0.029296875