3 0.4416232638888889 0.2887152777777778 0.07103587962962965 0.022656250000000044
4 0.7034866898148149 0.3042534722222222 0.06517650462962976 0.022395833333333393
3 0.1759982638888889 0.2769097222222222 0.06922743055555558 0.02647569444444442
5 0.3107638888888889 0.28289930555555554 0.03457754629629628 0.03858506944444451
4 0.8304398148148149 0.30989583333333337 0.06127025462962976 0.022222222222222143
5 0.5706018518518519 0.2963975694444444 0.03457754629629628 0.03858506944444451
8 0.8148148148148149 0.25655381944444444 0.04803240740740744 0.033333333333333326
2 0.43974247685185186 0.23793402777777778 0.04803240740740744 0.033333333333333326
1 0.31474247685185186 0.23237847222222222 0.04803240740740744 0.033333333333333326
7 0.6878616898148149 0.25091145833333334 0.04217303240740744 0.033072916666666674
0 0.18583622685185186 0.22664930555555557 0.05193865740740744 0.033506944444444464
6 0.5647424768518519 0.24348958333333331 0.04803240740740744 0.033333333333333326