4 0.396484375 0.3828125 0.03125 0.015625
3 0.50390625 0.390625 0.02734375 0.01171875
4 0.552734375 0.39453125 0.025390625 0.01171875
5 0.451171875 0.38671875 0.015625 0.02734375
3 0.59765625 0.396484375 0.025390625 0.01171875
1 0.3984375 0.341796875 0.021484375 0.021484375
2 0.451171875 0.349609375 0.021484375 0.025390625
5 0.3359375 0.376953125 0.015625 0.02734375
6 0.50390625 0.35546875 0.01953125 0.021484375
0 0.3359375 0.337890625 0.021484375 0.025390625
7 0.55078125 0.357421875 0.021484375 0.021484375
8 0.59765625 0.36328125 0.01953125 0.021484375