2 0.529296875 0.357421875 0.02734375 0.025390625
6 0.58984375 0.357421875 0.0234375 0.025390625
1 0.47265625 0.357421875 0.025390625 0.025390625
4 0.4140625 0.392578125 0.033203125 0.017578125
7 0.6484375 0.357421875 0.02734375 0.025390625
3 0.47265625 0.392578125 0.033203125 0.015625
0 0.412109375 0.35546875 0.021484375 0.021484375
5 0.70703125 0.392578125 0.01953125 0.029296875
4 0.58984375 0.392578125 0.03515625 0.017578125
3 0.53125 0.392578125 0.03125 0.015625
8 0.70703125 0.357421875 0.02734375 0.025390625
5 0.6484375 0.392578125 0.01953125 0.02734375