0 0.053457754629629636 0.33806423611111114 0.026331018518518517 0.026707175925925863
1 0.11979166666666667 0.33955439814814814 0.026475694444444448 0.030613425925925863
2 0.18221932870370372 0.3408420138888889 0.02647569444444442 0.030613425925925863
6 0.25050636574074076 0.3424334490740741 0.02842881944444442 0.030714699074074092
7 0.3168402777777778 0.34392361111111114 0.02828414351851849 0.026808449074074092
8 0.3890335648148148 0.3457175925925926 0.02857349537037035 0.03462094907407409
4 0.05504918981481481 0.38103298611111114 0.03407118055555555 0.025159143518518556
3 0.11950231481481481 0.384375 0.03399884259259259 0.023206018518518556
5 0.18583622685185186 0.385865162037037 0.02271412037037035 0.03431712962962963
4 0.2521701388888889 0.3873553240740741 0.03587962962962965 0.021354166666666674
3 0.32045717592592593 0.38894675925925926 0.03790509259259256 0.023408564814814792
5 0.38874421296296297 0.39053819444444443 0.02271412037037035 0.03431712962962963