5 0.7842881944444444 0.3855179398148148 0.022309027777777768 0.03182870370370372
8 0.790234375 0.34065393518518516 0.031553819444444464 0.02625868055555558
4 0.6358506944444444 0.38111979166666665 0.03884548611111116 0.020630787037037024
4 0.4057291666666667 0.37038483796296295 0.03884548611111116 0.020630787037037024
3 0.48172743055555556 0.3745949074074074 0.042404513888888884 0.016840277777777857
0 0.40989583333333335 0.32350983796296295 0.033506944444444464 0.026316550925925997
1 0.4858940972222222 0.3277199074074074 0.03190104166666674 0.03016493055555558
7 0.7142361111111111 0.3364438657407407 0.03190104166666652 0.03016493055555558
3 0.7120225694444444 0.3833767361111111 0.03884548611111116 0.020630787037037024
5 0.5578993055555556 0.3768518518518519 0.024609375000000044 0.03579282407407414
6 0.6400173611111111 0.33424479166666665 0.028168402777777768 0.03200231481481475
2 0.5618923611111111 0.3319299768518519 0.031553819444444464 0.02625868055555558