4 0.5410590277777778 0.3566840277777778 0.05141782407407414 0.024117476851851838
3 0.8443142361111111 0.35480324074074077 0.05727719907407414 0.024421296296296302
4 0.9558159722222221 0.3547164351851852 0.05727719907407414 0.024421296296296302
3 0.6349247685185185 0.3576388888888889 0.04751157407407414 0.023914930555555602
0 0.4527199074074074 0.301244212962963 0.032175925925926 0.03287037037037033
5 0.45305266203703703 0.3560329861111111 0.02264178240740744 0.04017650462962963
5 0.738671875 0.35519386574074074 0.02654803240740744 0.04037905092592586
1 0.542795138888889 0.29809027777777775 0.03229166666666661 0.03677662037037033
2 0.63671875 0.2970920138888889 0.03619791666666661 0.036979166666666674
6 0.7385127314814814 0.29454571759259257 0.036082175925925775 0.033072916666666674
7 0.8461660879629629 0.29230324074074077 0.04010416666666661 0.03718171296296302
8 0.9616319444444444 0.2904658564814815 0.04607928240740744 0.041391782407407374