3 0.7287760416666667 0.3314091435185185 0.052213541666666696 0.021860532407407374
3 0.47630208333333335 0.3510127314814815 0.03841145833333326 0.019806134259259256
4 0.4063802083333333 0.35635127314814813 0.03645833333333337 0.019791666666666652
7 0.7229166666666667 0.2728009259259259 0.03750000000000009 0.03541666666666665
4 0.6354166666666666 0.336574074074074 0.048307291666666696 0.021831597222222276
1 0.47486979166666665 0.3002459490740741 0.029427083333333326 0.031452546296296235
6 0.6317708333333334 0.281886574074074 0.029427083333333215 0.031452546296296235
5 0.82578125 0.3223668981481481 0.030078124999999956 0.041218171296296235
5 0.551953125 0.3437644675925926 0.02382812500000009 0.035315393518518534
0 0.4010416666666667 0.3055555555555556 0.027473958333333326 0.03143807870370363
8 0.8236979166666667 0.2618344907407407 0.039583333333333304 0.037384259259259256
2 0.5484374999999999 0.2910300925925926 0.029427083333333215 0.031452546296296235