3 0.84765625 0.251953125 0.068359375 0.02734375
3 0.302734375 0.248046875 0.068359375 0.02734375
4 0.580078125 0.25 0.06640625 0.03125
0 0.166015625 0.1640625 0.05078125 0.046875
4 0.7109375 0.251953125 0.06640625 0.02734375
2 0.44140625 0.166015625 0.05078125 0.04296875
5 0.44140625 0.248046875 0.03125 0.052734375
5 0.166015625 0.248046875 0.03125 0.052734375
6 0.576171875 0.166015625 0.046875 0.04296875
1 0.3046875 0.166015625 0.046875 0.04296875
7 0.712890625 0.16796875 0.05078125 0.046875
8 0.84765625 0.16796875 0.046875 0.04296875