4 0.5289930555555555 0.2994791666666667 0.053038194444444464 0.024565972222222232
3 0.6293547453703704 0.29388020833333334 0.056944444444444464 0.024652777777777746
3 0.8529513888888889 0.2890625 0.06671006944444446 0.024869791666666696
1 0.5330584490740742 0.23693576388888887 0.036400462962963065 0.033940972222222254
0 0.43288483796296295 0.24058159722222222 0.036400462962962954 0.033940972222222254
5 0.42919560185185185 0.29921875 0.027010995370370328 0.037630208333333304
5 0.7392939814814814 0.2904513888888889 0.0316695601851853 0.04552951388888893
2 0.6371383101851852 0.2333767361111111 0.04068287037037033 0.03793402777777777
4 0.962890625 0.28563368055555555 0.0243778935185186 0.010286458333333304
7 0.8614872685185185 0.22074652777777778 0.04458912037037033 0.03802083333333334
6 0.7455005787037037 0.22599826388888888 0.04458912037037033 0.03802083333333334
2 0.9724971064814815 0.2163628472222222 0.021151620370370328 0.03749999999999998