0 0.24609375 0.30104166666666665 0.033203125 0.037601273148148096
4 0.24609375 0.35963541666666665 0.0390625 0.03182870370370372
1 0.328125 0.2900607638888889 0.03125 0.04147858796296289
3 0.326171875 0.35063657407407406 0.046875 0.028038194444444442
2 0.4140625 0.27706886574074074 0.037109375 0.04351851851851851
5 0.412109375 0.33959780092592595 0.02734375 0.05118634259259269
4 0.51171875 0.3283564814814815 0.048828125 0.03587962962962965
6 0.509765625 0.26197916666666665 0.0390625 0.04159432870370372
7 0.615234375 0.24674479166666669 0.044921875 0.043634259259259234
8 0.732421875 0.23133680555555558 0.046875 0.04952256944444444
3 0.61328125 0.31903935185185184 0.056640625 0.03599537037037037
5 0.73046875 0.30558449074074073 0.03515625 0.059114583333333304