4 0.390625 0.318359375 0.05078125 0.025390625
4 0.69140625 0.310546875 0.052734375 0.021484375
3 0.58984375 0.314453125 0.052734375 0.021484375
5 0.48828125 0.314453125 0.025390625 0.041015625
6 0.58984375 0.251953125 0.03515625 0.03515625
2 0.48828125 0.25390625 0.037109375 0.03515625
3 0.796875 0.30859375 0.056640625 0.025390625
0 0.294921875 0.26171875 0.03515625 0.03125
5 0.296875 0.3203125 0.025390625 0.041015625
1 0.390625 0.2578125 0.03125 0.03515625
7 0.69140625 0.248046875 0.037109375 0.03515625
8 0.80078125 0.244140625 0.037109375 0.037109375