0 0.05078125 0.283203125 0.037109375 0.0390625
4 0.05078125 0.333984375 0.04296875 0.02734375
1 0.13671875 0.279296875 0.0390625 0.0390625
3 0.13671875 0.33203125 0.048828125 0.029296875
2 0.220703125 0.2734375 0.03515625 0.0390625
6 0.310546875 0.271484375 0.03515625 0.037109375
7 0.40234375 0.26953125 0.0390625 0.0390625
8 0.498046875 0.265625 0.0390625 0.04296875
5 0.22265625 0.33203125 0.02734375 0.044921875
4 0.310546875 0.328125 0.048828125 0.02734375
3 0.40234375 0.326171875 0.05078125 0.029296875
5 0.49609375 0.322265625 0.02734375 0.046875