3 0.17505787037037038 0.39924768518518516 0.028052662037037046 0.013874421296296235
4 0.24146412037037035 0.39875578703703707 0.035865162037037046 0.013932291666666652
4 0.30396412037037035 0.39829282407407407 0.035865162037036935 0.013932291666666652
3 0.4934172453703704 0.3968894675925926 0.035865162037037046 0.013932291666666652
8 0.4933449074074074 0.3578125 0.024652777777777746 0.023611111111111027
6 0.36443865740740744 0.35876736111111107 0.024652777777777857 0.023611111111111027
0 0.1749855324074074 0.36017071759259256 0.0246527777777778 0.023611111111111027
2 0.30193865740740744 0.35923032407407407 0.028559027777777857 0.023640046296296235
7 0.42683738425925927 0.3563512731481482 0.024855324074074092 0.027517361111111027
1 0.2374855324074074 0.3597077546296296 0.0246527777777778 0.023611111111111138
5 0.43081597222222223 0.3953993055555556 0.023104745370370328 0.03140914351851842
5 0.36636284722222223 0.3958767361111111 0.023104745370370328 0.031409143518518534