4 0.611328125 0.359375 0.041015625 0.01953125
4 0.53515625 0.361328125 0.037109375 0.015625
3 0.83984375 0.359375 0.037109375 0.01953125
3 0.458984375 0.361328125 0.037109375 0.015625
8 0.841796875 0.3125 0.02734375 0.025390625
5 0.763671875 0.359375 0.021484375 0.03125
6 0.6875 0.3125 0.025390625 0.025390625
5 0.6875 0.359375 0.01953125 0.03125
7 0.763671875 0.310546875 0.02734375 0.02734375
0 0.458984375 0.314453125 0.03125 0.02734375
1 0.53515625 0.314453125 0.02734375 0.02734375
2 0.611328125 0.314453125 0.02734375 0.02734375