3 0.47151331018518516 0.3199797453703703 0.04065393518518512 0.02184606481481488
5 0.22458043981481482 0.32100694444444444 0.02646122685185187 0.038498263888888884
4 0.543142361111111 0.32350983796296295 0.03870081018518512 0.021730324074074048
4 0.31378761574074077 0.32349537037037035 0.04456018518518512 0.022077546296296324
2 0.3978443287037037 0.269921875 0.03168402777777768 0.03103298611111116
5 0.39565972222222223 0.32058738425925926 0.022554976851851816 0.03826678240740744
3 0.6113425925925926 0.321412037037037 0.03479456018518512 0.021498842592592604
1 0.3182436342592593 0.26880787037037035 0.03168402777777779 0.03103298611111116
6 0.47533275462962965 0.2731047453703703 0.02973090277777779 0.030917245370370328
0 0.22708333333333333 0.26643518518518516 0.03559027777777779 0.031264467592592604
8 0.6130497685185186 0.2766059027777778 0.025665509259259256 0.028732638888888884
7 0.545167824074074 0.2747974537037037 0.02973090277777768 0.030917245370370328