3 0.5563802083333333 0.28833912037037035 0.05234374999999991 0.024189814814814747
3 0.7643229166666667 0.2716001157407407 0.05820312499999991 0.024276620370370372
4 0.4625 0.29168113425925923 0.05234374999999991 0.024189814814814747
4 0.880078125 0.2620804398148148 0.05820312499999991 0.024276620370370372
1 0.46640625 0.23308738425925926 0.03151041666666665 0.03363715277777779
7 0.7686197916666666 0.20714699074074075 0.039583333333333304 0.03765914351851851
0 0.37213541666666666 0.24228877314814815 0.03541666666666665 0.03369502314814815
2 0.560546875 0.22583912037037038 0.03932291666666665 0.03375289351851851
5 0.65859375 0.27706886574074074 0.030078124999999956 0.04142071759259258
6 0.6606770833333333 0.21655092592592592 0.039583333333333304 0.03765914351851851
5 0.37044270833333337 0.2969473379629629 0.025911458333333304 0.037456597222222276
8 0.8845052083333333 0.19567418981481483 0.045442708333333304 0.03774594907407408