0 0.5093315972222222 0.4165364583333333 0.02126736111111116 0.02010995370370372
1 0.5503472222222222 0.4177517361111111 0.02126736111111116 0.02010995370370372
2 0.5933159722222222 0.41902488425925927 0.01931423611111116 0.020052083333333304
6 0.6343315972222222 0.42024016203703707 0.02126736111111116 0.02010995370370372
7 0.6753472222222222 0.4214554398148148 0.02126736111111116 0.02010995370370372
8 0.7163628472222222 0.42267071759259256 0.021440972222222188 0.02206307870370372
3 0.5051215277777779 0.441869212962963 0.02304687499999991 0.018214699074074137
3 0.5479166666666666 0.4450954861111111 0.024652777777777857 0.014366319444444442
5 0.5910590277777779 0.44441550925925927 0.017708333333333215 0.023900462962963
5 0.6319010416666666 0.447583912037037 0.01558159722222241 0.021889467592592582
4 0.6729166666666666 0.4487991898148148 0.02499999999999991 0.018272569444444442
4 0.7139322916666666 0.45001446759259256 0.02304687499999991 0.018214699074074137