5 0.6328125 0.33203125 0.021484375 0.037109375
6 0.7265625 0.2734375 0.03515625 0.03515625
4 0.728515625 0.330078125 0.05078125 0.021484375
2 0.6328125 0.27734375 0.03515625 0.03515625
4 0.453125 0.3359375 0.04296875 0.021484375
5 0.919921875 0.32421875 0.02734375 0.041015625
7 0.822265625 0.26953125 0.037109375 0.03515625
1 0.54296875 0.279296875 0.03515625 0.02734375
0 0.453125 0.283203125 0.037109375 0.02734375
8 0.921875 0.267578125 0.037109375 0.03515625
3 0.54296875 0.3359375 0.046875 0.025390625