3 0.4847366898148148 0.32235243055555557 0.05852141203703709 0.028747106481481488
4 0.5964988425925926 0.33480902777777777 0.0546151620370372 0.028515625000000044
4 0.2517361111111111 0.3007667824074074 0.06257233796296302 0.03093171296296293
5 0.37311921296296297 0.31184895833333337 0.03081597222222221 0.04849537037037033
3 0.7003038194444444 0.344849537037037 0.0546151620370372 0.028515625000000044
5 0.1261574074074074 0.285546875 0.03891782407407407 0.052864583333333326
6 0.47967303240740744 0.2539930555555555 0.04376446759259256 0.03953993055555549
2 0.3677662037037037 0.23958333333333334 0.04376446759259256 0.03953993055555555
0 0.12094907407407408 0.215234375 0.04991319444444445 0.04379340277777777
8 0.697337962962963 0.27855902777777775 0.03985821759259256 0.03930844907407405
1 0.24638310185185186 0.2285011574074074 0.04405381944444442 0.0434461805555556
7 0.5914351851851851 0.26644965277777777 0.04376446759259256 0.0395399305555556