6 0.7689236111111111 0.32547743055555556 0.02795138888888893 0.028559027777777746
4 0.5296006944444445 0.3617621527777778 0.03949652777777768 0.02126736111111116
5 0.9201822916666667 0.3810763888888889 0.020269097222222143 0.03407118055555558
0 0.5307725694444445 0.3090277777777778 0.03385416666666652 0.03077256944444451
4 0.7698350694444445 0.37243923611111107 0.043315972222222276 0.017534722222222188
3 0.6096788194444445 0.3653211805555555 0.04340277777777768 0.021440972222222188
3 0.8440104166666667 0.37769097222222225 0.03949652777777768 0.02126736111111116
1 0.6108072916666667 0.3145399305555555 0.02990451388888893 0.02864583333333326
2 0.6888888888888889 0.3199652777777778 0.03385416666666674 0.030772569444444398
5 0.6878038194444445 0.3687934027777778 0.020355902777777768 0.03797743055555558
7 0.8450954861111111 0.32886284722222225 0.02795138888888893 0.028559027777777857
8 0.9231770833333333 0.33428819444444446 0.02994791666666652 0.03059895833333326