3 0.48615451388888886 0.2638888888888889 0.06141493055555558 0.019979745370370394
4 0.7340277777777777 0.2659577546296297 0.06532118055555536 0.02000868055555549
3 0.23615451388888892 0.2657407407407407 0.0654079861111111 0.02196180555555549
4 0.8551215277777777 0.2650607638888889 0.05750868055555536 0.019950810185185186
5 0.36310763888888886 0.26480034722222223 0.03281249999999991 0.035387731481481444
5 0.6091145833333333 0.26493055555555556 0.03281249999999991 0.035387731481481444
6 0.6073784722222222 0.21613136574074074 0.04214409722222223 0.025694444444444464
8 0.8397135416666667 0.2163628472222222 0.04622395833333326 0.029629629629629672
2 0.4882378472222222 0.2170138888888889 0.048263888888888884 0.03159722222222222
7 0.7205729166666667 0.2172453703703704 0.04231770833333326 0.029600694444444464
0 0.2482638888888889 0.21293402777777778 0.04622395833333337 0.029629629629629617
1 0.3711371527777778 0.21592881944444445 0.04231770833333326 0.029600694444444464