4 0.455078125 0.337890625 0.046875 0.01953125
4 0.54296875 0.337890625 0.04296875 0.01953125
3 0.71875 0.337890625 0.04296875 0.01953125
0 0.27734375 0.28125 0.03515625 0.03125
1 0.365234375 0.28125 0.03125 0.03125
5 0.365234375 0.3359375 0.025390625 0.03515625
3 0.27734375 0.3359375 0.046875 0.021484375
7 0.630859375 0.28515625 0.03125 0.03125
2 0.455078125 0.283203125 0.03515625 0.02734375
5 0.62890625 0.3359375 0.021484375 0.03515625
6 0.54296875 0.283203125 0.02734375 0.02734375
8 0.71875 0.28515625 0.03125 0.03125