5 0.498046875 0.29296875 0.02734375 0.046875
4 0.2734375 0.291015625 0.05859375 0.025390625
3 0.61328125 0.29296875 0.056640625 0.025390625
2 0.271484375 0.22265625 0.037109375 0.037109375
4 0.38671875 0.29296875 0.056640625 0.02734375
0 0.041015625 0.21875 0.04296875 0.037109375
5 0.158203125 0.2890625 0.02734375 0.046875
1 0.158203125 0.22265625 0.041015625 0.037109375
3 0.04296875 0.291015625 0.05859375 0.025390625
6 0.38671875 0.22265625 0.041015625 0.037109375
7 0.498046875 0.22265625 0.041015625 0.041015625
8 0.611328125 0.224609375 0.041015625 0.037109375