4 0.466796875 0.39453125 0.02734375 0.015625
4 0.41796875 0.400390625 0.02734375 0.01171875
5 0.28515625 0.40234375 0.01171875 0.025390625
0 0.283203125 0.373046875 0.015625 0.021484375
1 0.32421875 0.37109375 0.01953125 0.021484375
3 0.326171875 0.40234375 0.02734375 0.01171875
2 0.369140625 0.3671875 0.01953125 0.021484375
8 0.51953125 0.357421875 0.01953125 0.021484375
7 0.46484375 0.361328125 0.01953125 0.021484375
3 0.37109375 0.400390625 0.02734375 0.01171875
6 0.416015625 0.36328125 0.01953125 0.021484375
5 0.517578125 0.392578125 0.015625 0.02734375