0 0.142578125 0.228515625 0.044921875 0.0390625
1 0.2578125 0.228515625 0.041015625 0.033203125
2 0.37109375 0.228515625 0.048828125 0.033203125
6 0.482421875 0.23046875 0.044921875 0.037109375
7 0.591796875 0.23046875 0.044921875 0.03515625
8 0.703125 0.234375 0.044921875 0.03515625
3 0.134765625 0.279296875 0.068359375 0.021484375
4 0.248046875 0.279296875 0.05859375 0.021484375
5 0.365234375 0.27734375 0.03125 0.037109375
5 0.48046875 0.28125 0.03125 0.037109375
3 0.59375 0.28125 0.0625 0.01953125
4 0.708984375 0.283203125 0.056640625 0.021484375