4 0.6642216435185185 0.23230613425925925 0.06213831018518512 0.022670717592592593
3 0.412109375 0.24341724537037035 0.06604456018518523 0.022873263888888884
4 0.7853153935185185 0.2260271990740741 0.06018518518518512 0.02256944444444442
3 0.15999710648148147 0.2545283564814815 0.062297453703703654 0.02462384259259265
8 0.7676649305555556 0.1779079861111111 0.04730902777777768 0.03162615740740743
6 0.5310185185185186 0.18625578703703705 0.04340277777777768 0.03142361111111114
5 0.537109375 0.2369357638888889 0.03411458333333339 0.03677662037037038
5 0.29085648148148147 0.24774305555555556 0.03411458333333339 0.03677662037037038
2 0.4138310185185185 0.19233217592592594 0.05121527777777779 0.03182870370370372
7 0.6485243055555556 0.18408564814814815 0.04730902777777768 0.031626157407407374
0 0.1713252314814815 0.2009837962962963 0.04730902777777779 0.031626157407407374
1 0.2927372685185185 0.19861111111111113 0.04730902777777779 0.031626157407407374