8 0.990234375 0.32421875 0.017578125 0.029296875
5 0.78125 0.365234375 0.01953125 0.03125
5 0.9912109375 0.3681640625 0.017578125 0.033203125
3 0.921875 0.365234375 0.037109375 0.015625
4 0.634765625 0.36328125 0.037109375 0.01953125
4 0.849609375 0.36328125 0.037109375 0.015625
3 0.705078125 0.36328125 0.041015625 0.01953125
1 0.70703125 0.31640625 0.02734375 0.02734375
6 0.849609375 0.318359375 0.025390625 0.025390625
0 0.6328125 0.31640625 0.02734375 0.03125
2 0.779296875 0.318359375 0.02734375 0.025390625
7 0.921875 0.3203125 0.025390625 0.02734375