3 0.35546875 0.349609375 0.041015625 0.01953125
4 0.021484375 0.34765625 0.04296875 0.01953125
4 0.271484375 0.349609375 0.04296875 0.01953125
3 0.10546875 0.34765625 0.04296875 0.021484375
5 0.189453125 0.34765625 0.021484375 0.03515625
6 0.2734375 0.30078125 0.02734375 0.02734375
7 0.35546875 0.30078125 0.02734375 0.02734375
5 0.43359375 0.3515625 0.01953125 0.03515625
1 0.10546875 0.298828125 0.03125 0.02734375
2 0.189453125 0.30078125 0.03515625 0.03125
0 0.01953125 0.296875 0.03515625 0.03125
8 0.43359375 0.3046875 0.03125 0.02734375