3 0.27734375 0.40625 0.03515625 0.017578125
8 0.43359375 0.376953125 0.025390625 0.02734375
1 0.220703125 0.369140625 0.0234375 0.02734375
3 0.220703125 0.40234375 0.03125 0.01953125
2 0.275390625 0.37109375 0.025390625 0.025390625
7 0.380859375 0.375 0.025390625 0.025390625
6 0.330078125 0.373046875 0.021484375 0.02734375
4 0.166015625 0.40234375 0.033203125 0.017578125
4 0.33203125 0.40625 0.033203125 0.01953125
0 0.166015625 0.3671875 0.03125 0.02734375
5 0.43359375 0.408203125 0.01953125 0.029296875
5 0.3828125 0.408203125 0.0234375 0.02734375