3 0.5470920138888888 0.410546875 0.03378182870370372 0.017838541666666652
4 0.29325810185185186 0.39557291666666666 0.0337094907407407 0.015885416666666652
3 0.23075810185185186 0.39140625 0.0337094907407407 0.015885416666666652
4 0.3556857638888889 0.3977864583333333 0.03573495370370372 0.017968749999999978
8 0.5457175925925926 0.3734375 0.0263310185185186 0.027083333333333348
0 0.22938368055555558 0.354296875 0.02430555555555558 0.025000000000000022
6 0.41869212962962965 0.36302083333333335 0.02625868055555558 0.025130208333333348
5 0.4181857638888889 0.401953125 0.01671006944444442 0.030338541666666607
5 0.4826388888888889 0.40625 0.01671006944444442 0.030338541666666607
2 0.35431134259259256 0.3606770833333333 0.0263310185185186 0.027083333333333348
7 0.48119212962962965 0.3671875 0.02430555555555558 0.025000000000000022
1 0.29376446759259256 0.356640625 0.0243778935185186 0.026953125000000022