2 0.3822482638888889 0.44560185185185186 0.019140625000000022 0.018489583333333393
1 0.347265625 0.4418258101851852 0.018793402777777857 0.014583333333333393
8 0.4877170138888889 0.4510706018518519 0.019140625000000022 0.018489583333333393
7 0.4545138888888889 0.4493489583333333 0.019140625000000022 0.018489583333333393
6 0.4193576388888889 0.44752604166666665 0.019140625000000022 0.018489583333333393
0 0.3103298611111111 0.4379484953703704 0.019140625000000022 0.018489583333333393
5 0.31037326388888886 0.4595341435185185 0.015581597222222188 0.022193287037037046
4 0.4176215277777778 0.46705729166666665 0.01844618055555558 0.010677083333333393
4 0.4506510416666667 0.4707320601851852 0.022699652777777857 0.014785879629629628
3 0.3434027777777778 0.46320891203703707 0.023046875000000022 0.018692129629629628
5 0.3824652777777778 0.465234375 0.015234375000000022 0.018287037037036935
8 0.03893229166666667 0.46704282407407405 0.026562500000000003 0.03637152777777786
5 0.027213541666666667 0.4664351851851852 0.024609375000000003 0.03627025462962963
5 0.011935763888888888 0.46171874999999996 0.02000868055555556 0.028255208333333393
5 0.022222222222222223 0.45636574074074077 0.019140625 0.018489583333333393