3 0.70703125 0.326171875 0.05078125 0.021484375
3 0.453125 0.34765625 0.037109375 0.01953125
4 0.3828125 0.353515625 0.03515625 0.01953125
7 0.705078125 0.267578125 0.03515625 0.03515625
4 0.61328125 0.33203125 0.046875 0.021484375
1 0.455078125 0.296875 0.02734375 0.03125
6 0.61328125 0.27734375 0.02734375 0.03125
5 0.8046875 0.31640625 0.02734375 0.041015625
5 0.529296875 0.33984375 0.021484375 0.03515625
0 0.380859375 0.302734375 0.025390625 0.03125
8 0.806640625 0.255859375 0.037109375 0.037109375
2 0.529296875 0.287109375 0.02734375 0.03125