3 0.3741174768518518 0.34503761574074077 0.04217303240740744 0.019835069444444464
4 0.03599537037037037 0.3436342592592593 0.03240740740740741 0.019762731481481444
4 0.2881799768518518 0.3456741898148148 0.04607928240740744 0.019864004629629672
3 0.11814236111111112 0.34497974537037035 0.046310763888888884 0.023770254629629672
5 0.2021267361111111 0.34435763888888893 0.025520833333333326 0.03532986111111103
6 0.2871238425925926 0.2948784722222222 0.03103298611111116 0.02951388888888884
7 0.3711082175925926 0.29425636574074077 0.03103298611111116 0.02951388888888884
5 0.4562644675925926 0.34638310185185184 0.021614583333333326 0.03530092592592593
1 0.11513310185185185 0.29419849537037035 0.034939236111111105 0.029542824074074048
2 0.1992332175925926 0.2955295138888889 0.037123842592592604 0.03346354166666665
0 0.031032986111111112 0.2928674768518519 0.02735821759259259 0.03339120370370363
8 0.45337094907407405 0.29755497685185184 0.03493923611111116 0.029542824074074048