0 0.046875 0.302734375 0.033203125 0.033203125
1 0.126953125 0.302734375 0.029296875 0.03125
2 0.20703125 0.302734375 0.037109375 0.03125
6 0.287109375 0.302734375 0.03125 0.03515625
7 0.3671875 0.30078125 0.03515625 0.03125
8 0.44921875 0.30078125 0.037109375 0.03515625
5 0.365234375 0.349609375 0.025390625 0.037109375
5 0.287109375 0.349609375 0.0234375 0.0390625
4 0.205078125 0.349609375 0.046875 0.01953125
4 0.126953125 0.353515625 0.046875 0.025390625
3 0.044921875 0.3515625 0.041015625 0.021484375
3 0.44921875 0.3515625 0.04296875 0.0234375