0 0.1953125 0.154296875 0.052734375 0.046875
4 0.62109375 0.244140625 0.06640625 0.03125
3 0.337890625 0.2421875 0.068359375 0.02734375
3 0.89453125 0.244140625 0.072265625 0.03125
5 0.478515625 0.240234375 0.03125 0.056640625
4 0.7578125 0.244140625 0.06640625 0.03125
5 0.1953125 0.23828125 0.03515625 0.052734375
2 0.478515625 0.154296875 0.05078125 0.046875
6 0.6171875 0.15625 0.046875 0.04296875
1 0.33984375 0.154296875 0.046875 0.046875
7 0.7578125 0.158203125 0.052734375 0.046875
8 0.8984375 0.158203125 0.046875 0.046875