3 0.3624131944444444 0.27727141203703703 0.05078125 0.02119502314814814
4 0.2727864583333333 0.28197337962962965 0.04730902777777779 0.02481192129629628
3 0.09331597222222222 0.2933304398148148 0.04730902777777776 0.02481192129629628
6 0.2786458333333333 0.22923900462962962 0.03472222222222221 0.033564814814814825
7 0.3704427083333333 0.2224392361111111 0.03472222222222221 0.033564814814814825
4 0.015516493055555556 0.2999855324074074 0.031032986111111112 0.025390625
2 0.1911892361111111 0.23184317129629628 0.03862847222222221 0.03385416666666663
5 0.4505208333333333 0.26880787037037035 0.02734375 0.03689236111111116
1 0.0993923611111111 0.23864293981481483 0.03472222222222221 0.03356481481481477
5 0.18294270833333331 0.2886284722222222 0.02777777777777779 0.04079861111111116
0 0.013671875 0.24348958333333334 0.02734375 0.037760416666666685
8 0.4561631944444444 0.21802662037037038 0.03428819444444442 0.029658564814814825