2 0.8234519675925926 0.3740017361111111 0.020225694444444553 0.02387152777777779
6 0.8685474537037037 0.369140625 0.02028356481481497 0.02582465277777779
7 0.9195023148148149 0.36440972222222223 0.020225694444444553 0.02387152777777779
5 0.7422164351851852 0.41128472222222223 0.01637731481481497 0.025737847222222276
0 0.7430266203703704 0.38394097222222223 0.01815682870370372 0.019921874999999978
1 0.7822048611111112 0.38090277777777776 0.020225694444444553 0.02387152777777779
3 0.8224681712962962 0.4072048611111111 0.029817708333333304 0.01822916666666674
4 0.8675057870370371 0.404296875 0.029817708333333304 0.01822916666666663
4 0.9164496527777778 0.4014756944444444 0.031770833333333304 0.018272569444444553
3 0.7793258101851852 0.412109375 0.02384259259259247 0.014192708333333304
8 0.9744212962962964 0.3578125 0.024131944444444553 0.023958333333333304
5 0.9713686342592593 0.3948784722222222 0.020225694444444553 0.02387152777777779