3 0.43359375 0.353515625 0.041015625 0.01953125
4 0.35546875 0.353515625 0.041015625 0.01953125
3 0.19140625 0.349609375 0.04296875 0.01953125
4 0.109375 0.349609375 0.04296875 0.01953125
6 0.35546875 0.302734375 0.02734375 0.025390625
7 0.43359375 0.3046875 0.02734375 0.02734375
2 0.271484375 0.30078125 0.03125 0.02734375
1 0.19140625 0.30078125 0.02734375 0.02734375
5 0.513671875 0.353515625 0.021484375 0.03125
5 0.2734375 0.349609375 0.021484375 0.03125
0 0.107421875 0.298828125 0.03515625 0.02734375
8 0.513671875 0.306640625 0.02734375 0.025390625