4 0.32421875 0.263671875 0.056640625 0.02734375
4 0.72265625 0.23828125 0.068359375 0.03125
3 0.58203125 0.24609375 0.068359375 0.03125
3 0.87109375 0.228515625 0.08203125 0.03125
0 0.20703125 0.197265625 0.041015625 0.04296875
5 0.20703125 0.271484375 0.02734375 0.05078125
5 0.447265625 0.25390625 0.03125 0.052734375
6 0.578125 0.1640625 0.05078125 0.046875
2 0.44921875 0.173828125 0.046875 0.046875
1 0.32421875 0.1875 0.037109375 0.04296875
7 0.720703125 0.15234375 0.052734375 0.046875
8 0.875 0.14453125 0.056640625 0.037109375