3 0.4931423611111111 0.31006944444444445 0.05972222222222223 0.02842881944444442
4 0.8389322916666666 0.3299479166666667 0.05386284722222223 0.028124999999999956
3 0.2567274305555556 0.29586226851851855 0.057855902777777746 0.030280671296296302
1 0.3666232638888889 0.2255642361111111 0.042838541666666674 0.04314236111111114
2 0.4897569444444445 0.23389756944444445 0.04292534722222219 0.04509548611111114
4 0.7255642361111112 0.32212094907407407 0.05785590277777786 0.030280671296296302
0 0.24748263888888888 0.21938657407407408 0.04878472222222219 0.04539930555555555
5 0.6103298611111111 0.31614583333333335 0.033506944444444464 0.05240162037037033
7 0.7261718749999999 0.24810474537037036 0.042838541666666785 0.04314236111111114
5 0.373828125 0.29998553240740744 0.029600694444444464 0.05219907407407409
6 0.6070312499999999 0.24192708333333332 0.042838541666666785 0.04314236111111108
8 0.8434461805555555 0.25613425925925926 0.04487847222222219 0.045196759259259256