3 0.41977719907407407 0.3744068287037037 0.0483217592592593 0.019878472222222276
5 0.5016637731481481 0.3769675925925926 0.0258969907407407 0.03337673611111114
3 0.7437065972222222 0.38071469907407407 0.0405092592592593 0.01982060185185186
5 0.333984375 0.37181712962962965 0.02618634259259256 0.03728298611111103
4 0.6618200231481481 0.3781539351851852 0.0405092592592593 0.01982060185185186
4 0.5817418981481481 0.3775607638888889 0.0405092592592593 0.01982060185185186
8 0.7453703703703703 0.33187210648148147 0.02951388888888884 0.029499421296296235
7 0.6673900462962963 0.32934027777777775 0.02936921296296302 0.027546296296296235
2 0.5054253472222222 0.3261863425925926 0.03146701388888884 0.02951388888888884
6 0.5855034722222222 0.32677951388888893 0.02951388888888884 0.029499421296296235
0 0.33969907407407407 0.32105034722222225 0.03146701388888884 0.02951388888888884
1 0.42353877314814814 0.3236255787037037 0.02951388888888884 0.029499421296296235
8 0.05280671296296296 0.447902199074074 0.011212384259259259 0.01960358796296302
8 0.027560763888888885 0.4457609953703704 0.014973958333333336 0.01767939814814823
6 0.003996672453703703 0.44166666666666665 0.007993344907407406 0.01765046296296302
8 0.028211805555555552 0.463353587962963 0.014684606481481483 0.013773148148148229
8 0.05150462962962962 0.465480324074074 0.011067708333333343 0.01765046296296302
8 0.010760271990740738 0.44949363425925926 0.021520543981481476 0.029542824074074048
8 0.13389756944444442 0.48758680555555556 0.02054398148148151 0.01381655092592593