0 0.22649016203703703 0.2784288194444444 0.031756365740740755 0.03472222222222232
1 0.3080873842592593 0.2683159722222222 0.0317563657407407 0.03472222222222221
2 0.3914930555555556 0.25614872685185186 0.0356626157407407 0.034924768518518556
6 0.4830005787037037 0.24748263888888888 0.04166666666666674 0.03718171296296302
7 0.5760271990740741 0.2328559027777778 0.03985821759259256 0.03903356481481479
8 0.6791087962962963 0.22162905092592594 0.04419849537037024 0.04509548611111114
5 0.2326388888888889 0.3349681712962963 0.03096064814814814 0.05024594907407409
4 0.31423611111111116 0.3248553240740741 0.04470486111111116 0.025665509259259256
3 0.3959780092592593 0.31669560185185186 0.0483217592592593 0.02196180555555549
5 0.48734085648148145 0.3060763888888889 0.02857349537037035 0.04428530092592586
3 0.5847077546296297 0.29710648148148144 0.05671296296296302 0.030179398148148184
4 0.6858362268518519 0.28598090277777777 0.05685763888888884 0.032132523148148184