3 0.603515625 0.359375 0.037109375 0.01953125
4 0.671875 0.36328125 0.037109375 0.01953125
1 0.455078125 0.3046875 0.02734375 0.02734375
4 0.45703125 0.353515625 0.037109375 0.01953125
5 0.53125 0.35546875 0.01953125 0.03125
2 0.53125 0.30859375 0.025390625 0.025390625
0 0.375 0.298828125 0.03125 0.02734375
7 0.671875 0.31640625 0.025390625 0.02734375
5 0.376953125 0.34765625 0.021484375 0.03515625
6 0.603515625 0.314453125 0.025390625 0.02734375
3 0.73828125 0.3671875 0.03515625 0.015625
8 0.73828125 0.322265625 0.021484375 0.025390625