5 0.56640625 0.33203125 0.025390625 0.041015625
2 0.56640625 0.2734375 0.03125 0.03515625
3 0.75390625 0.31640625 0.056640625 0.02734375
4 0.40625 0.34375 0.0390625 0.021484375
1 0.484375 0.28515625 0.03125 0.03125
3 0.482421875 0.33984375 0.041015625 0.0234375
7 0.75390625 0.25390625 0.03515625 0.037109375
4 0.65625 0.32421875 0.05078125 0.021484375
5 0.865234375 0.306640625 0.03125 0.048828125
6 0.65625 0.263671875 0.03125 0.03515625
0 0.40625 0.294921875 0.033203125 0.03125
8 0.865234375 0.240234375 0.037109375 0.037109375