0 0.068359375 0.380859375 0.01953125 0.025390625
1 0.107421875 0.388671875 0.01953125 0.021484375
4 0.107421875 0.41796875 0.01953125 0.017578125
5 0.068359375 0.41015625 0.015625 0.0234375
2 0.142578125 0.39453125 0.015625 0.0234375
6 0.17578125 0.3984375 0.01953125 0.01953125
7 0.20703125 0.404296875 0.013671875 0.01953125
8 0.232421875 0.40625 0.01171875 0.021484375
5 0.14453125 0.421875 0.015625 0.01953125
3 0.17578125 0.423828125 0.021484375 0.017578125
4 0.20703125 0.42578125 0.021484375 0.017578125