4 0.7547743055555556 0.3747829861111111 0.0405092592592593 0.02039930555555558
4 0.5245949074074074 0.3657552083333333 0.04050925925925908 0.02039930555555558
6 0.7583912037037037 0.3259548611111111 0.02727141203703698 0.025954861111111116
1 0.6061921296296297 0.32061631944444446 0.02756076388888884 0.029861111111111116
4 0.8309461805555556 0.3764756944444444 0.0424623842592593 0.020442708333333393
5 0.6808449074074074 0.36922743055555557 0.02199074074074092 0.03363715277777779
5 0.9032118055555556 0.37808159722222223 0.0219907407407407 0.03363715277777779
7 0.8344184027777778 0.32960069444444445 0.03146701388888884 0.02994791666666663
0 0.5280671296296297 0.3188802083333333 0.03146701388888884 0.02994791666666674
3 0.6045283564814815 0.3694878472222222 0.04217303240740744 0.01653645833333328
2 0.6841724537037037 0.32430555555555557 0.02727141203703698 0.025954861111111116
8 0.9065393518518519 0.33315972222222223 0.02727141203703698 0.025954861111111116