4 0.7864583333333333 0.3574074074074074 0.04116030092592604 0.019835069444444464
1 0.5505787037037038 0.29510995370370374 0.02951388888888884 0.02951388888888884
5 0.6322048611111111 0.35040509259259256 0.023697916666666652 0.03532986111111103
2 0.6325810185185186 0.29962384259259256 0.02951388888888884 0.02951388888888884
4 0.5501880787037037 0.3478443287037037 0.04116030092592604 0.019835069444444464
5 0.4662326388888889 0.3433159722222222 0.023697916666666652 0.03532986111111114
3 0.7103153935185185 0.3529369212962963 0.04506655092592604 0.019864004629629672
0 0.46467013888888886 0.2905671296296296 0.03342013888888884 0.029542824074074048
7 0.7868344907407407 0.3066261574074074 0.02951388888888884 0.02951388888888884
3 0.8606770833333333 0.3579571759259259 0.03527199074074083 0.015885416666666652
6 0.710691550925926 0.3021556712962963 0.02560763888888884 0.02948495370370363
8 0.8610243055555555 0.3110821759259259 0.02951388888888884 0.02951388888888884