3 0.5724826388888888 0.3979890046296296 0.029528356481481666 0.01649305555555558
4 0.6192418981481481 0.4071903935185185 0.029528356481481444 0.01649305555555558
4 0.46710069444444446 0.3890046296296296 0.029528356481481444 0.01649305555555558
5 0.406640625 0.38135127314814815 0.01996527777777768 0.02987557870370372
5 0.521730324074074 0.39453125 0.01605902777777768 0.029759837962963
1 0.4677083333333333 0.3479890046296296 0.023784722222222276 0.024131944444444442
2 0.5223090277777778 0.35546875 0.023784722222222276 0.024131944444444442
3 0.664134837962963 0.410474537037037 0.023668981481481666 0.016319444444444442
6 0.5730324074074074 0.3608796296296296 0.019907407407407263 0.02596932870370372
7 0.6198206018518518 0.3681278935185185 0.019878472222222276 0.02401620370370372
0 0.4072482638888889 0.34033564814814815 0.023813657407407485 0.026085069444444442
8 0.6666087962962963 0.3753761574074074 0.019878472222222276 0.02401620370370372