7 0.80078125 0.3828125 0.021484375 0.0234375
2 0.701171875 0.38671875 0.021484375 0.021484375
5 0.849609375 0.412109375 0.015625 0.02734375
6 0.751953125 0.384765625 0.021484375 0.0234375
3 0.654296875 0.416015625 0.029296875 0.017578125
1 0.65625 0.38671875 0.0234375 0.0234375
8 0.8515625 0.3828125 0.021484375 0.021484375
5 0.80078125 0.4140625 0.017578125 0.02734375
4 0.751953125 0.4140625 0.029296875 0.015625
3 0.701171875 0.4140625 0.029296875 0.017578125
4 0.607421875 0.416015625 0.025390625 0.013671875
0 0.607421875 0.38671875 0.0234375 0.0234375