8 0.9951171875 0.24609375 0.009765625 0.03515625
3 0.6875 0.32421875 0.05078125 0.021484375
4 0.98828125 0.30859375 0.015625 0.009765625
4 0.595703125 0.330078125 0.046875 0.021484375
3 0.896484375 0.314453125 0.056640625 0.021484375
0 0.50390625 0.27734375 0.03125 0.03125
1 0.59375 0.271484375 0.03125 0.03125
5 0.7890625 0.31640625 0.02734375 0.041015625
5 0.50390625 0.33203125 0.021484375 0.037109375
2 0.689453125 0.267578125 0.03515625 0.03515625
7 0.896484375 0.251953125 0.037109375 0.03515625
6 0.791015625 0.2578125 0.037109375 0.03515625
8 0.99609375 0.232421875 0.005859375 0.015625