0 0.4256510416666667 0.2841869212962963 0.032537615740740766 0.03146701388888884
6 0.697265625 0.26863425925925927 0.03489583333333335 0.035387731481481444
2 0.6023726851851852 0.2757378472222222 0.03880208333333335 0.03541666666666665
7 0.7999710648148148 0.2615885416666667 0.03880208333333335 0.03541666666666665
8 0.9104890046296297 0.25460069444444444 0.044864004629629584 0.037413194444444464
5 0.43368055555555557 0.3427951388888889 0.02944155092592593 0.03925057870370363
4 0.5229166666666667 0.33760127314814814 0.05125868055555549 0.02379918981481488
3 0.6121527777777778 0.33240740740740743 0.05711805555555549 0.023842592592592582
5 0.7033420138888888 0.32722800925925927 0.029644097222222054 0.04120370370370374
3 0.8084056712962963 0.3241030092592593 0.058868634259259256 0.021903935185185186
4 0.9152199074074074 0.31903935185185184 0.058868634259259256 0.021903935185185186
1 0.5131365740740741 0.28093171296296293 0.03489583333333335 0.035387731481481444