0 0.3149594907407407 0.39836516203703703 0.01960358796296302 0.019661458333333326
1 0.3579282407407407 0.398046875 0.01960358796296302 0.019661458333333326
2 0.3989438657407407 0.39774305555555556 0.01960358796296302 0.019661458333333326
6 0.44211516203703705 0.3993778935185185 0.01960358796296302 0.019661458333333437
7 0.4829282407407407 0.3971209490740741 0.01960358796296302 0.019661458333333326
8 0.526099537037037 0.39875578703703707 0.019806134259259256 0.021614583333333437
3 0.3177951388888889 0.42570891203703703 0.025057870370370328 0.015798611111111138
3 0.3607638888888889 0.425390625 0.027213541666666674 0.01776620370370363
5 0.4035300925925926 0.42311921296296295 0.015899884259259256 0.021585648148148118
5 0.4447482638888889 0.4247685185185185 0.01610243055555549 0.02353877314814823
4 0.4857638888888889 0.4244646990740741 0.025057870370370328 0.015798611111111138
4 0.5287326388888889 0.42414641203703707 0.025057870370370328 0.015798611111111027