0 0.5165364583333334 0.26336805555555554 0.03810763888888902 0.033984374999999956
1 0.6046006944444444 0.25946180555555554 0.03598090277777777 0.031987847222222254
2 0.6866319444444444 0.25763888888888886 0.04201388888888902 0.03407118055555558
6 0.7707899305555556 0.25381944444444443 0.036328125000000044 0.035894097222222254
7 0.8549479166666667 0.25 0.03402777777777777 0.03194444444444444
8 0.9426649305555556 0.25 0.034375000000000044 0.03585069444444444
3 0.5121961805555556 0.31219618055555554 0.04292534722222219 0.022395833333333393
4 0.5961805555555555 0.3103298611111111 0.04683159722222241 0.022482638888888906
4 0.6821180555555555 0.30842013888888886 0.047005208333333215 0.024435763888888795
5 0.7643229166666667 0.3046440972222222 0.02495659722222232 0.03953993055555549
5 0.8502604166666667 0.302734375 0.02886284722222232 0.039626736111111116
3 0.9361979166666667 0.3008246527777778 0.04257812499999991 0.018489583333333393