0 0.29296875 0.24609375 0.041015625 0.03515625
6 0.6015625 0.251953125 0.03515625 0.03515625
2 0.5 0.251953125 0.037109375 0.03515625
1 0.3984375 0.24609375 0.041015625 0.037109375
5 0.5 0.310546875 0.025390625 0.041015625
5 0.29296875 0.30859375 0.025390625 0.041015625
7 0.69921875 0.25390625 0.03515625 0.03515625
4 0.599609375 0.314453125 0.05078125 0.021484375
3 0.396484375 0.310546875 0.05078125 0.021484375
4 0.69921875 0.31640625 0.05078125 0.025390625
3 0.794921875 0.31640625 0.046875 0.021484375
8 0.794921875 0.255859375 0.03515625 0.03125
7 0.013671875 0.41796875 0.015625 0.015625
8 0.041015625 0.421875 0.01171875 0.01953125
4 0.041015625 0.44140625 0.01171875 0.01171875
8 0.02734375 0.416015625 0.01953125 0.01953125
8 0.013671875 0.439453125 0.015625 0.015625
8 0.1328125 0.466796875 0.015625 0.015625