0 0.353515625 0.306640625 0.02734375 0.029296875
7 0.66796875 0.30859375 0.025390625 0.02734375
6 0.58984375 0.306640625 0.025390625 0.025390625
8 0.74609375 0.30859375 0.025390625 0.02734375
1 0.435546875 0.30859375 0.025390625 0.0234375
2 0.51171875 0.3046875 0.02734375 0.02734375
3 0.35546875 0.35546875 0.041015625 0.021484375
5 0.51171875 0.353515625 0.021484375 0.03125
4 0.669921875 0.35546875 0.041015625 0.01953125
4 0.74609375 0.35546875 0.037109375 0.01953125
3 0.431640625 0.353515625 0.04296875 0.01953125
5 0.58984375 0.35546875 0.021484375 0.03515625