3 0.8484230324074074 0.40512152777777777 0.04159432870370372 0.02196180555555549
4 0.545630787037037 0.385228587962963 0.03964120370370372 0.02184606481481488
1 0.6223668981481482 0.34298321759259254 0.03016493055555558 0.03103298611111116
6 0.7728153935185185 0.3538483796296297 0.03004918981481497 0.02712673611111116
4 0.7742042824074074 0.4007233796296297 0.04159432870370372 0.02196180555555549
0 0.5441840277777779 0.336400462962963 0.03200231481481497 0.02724247685185177
3 0.623755787037037 0.3898582175925926 0.04147858796296289 0.018055555555555602
2 0.6985387731481482 0.34749710648148147 0.03211805555555558 0.03114872685185177
5 0.9245949074074074 0.4096354166666667 0.020457175925925775 0.03240740740740744
5 0.699927662037037 0.39437210648148147 0.020457175925925997 0.03240740740740744
7 0.8470341435185185 0.35824652777777777 0.030164930555555358 0.03103298611111116
8 0.9232638888888889 0.3647135416666667 0.026142939814814747 0.026895254629629717