0 0.05859375 0.3009982638888889 0.029296875 0.03016493055555558
1 0.13671875 0.28891782407407407 0.02734375 0.034013310185185164
2 0.21484375 0.28269675925925924 0.02734375 0.030107060185185164
6 0.298828125 0.27434895833333334 0.029296875 0.03016493055555558
7 0.390625 0.26381655092592593 0.033203125 0.0380931712962963
8 0.484375 0.25517939814814816 0.037109375 0.038208912037037024
5 0.060546875 0.35367476851851853 0.01953125 0.03768807870370372
4 0.13671875 0.34751157407407407 0.04296875 0.024710648148148162
3 0.21484375 0.3412905092592593 0.0390625 0.02068865740740744
5 0.298828125 0.33098958333333334 0.0234375 0.03975694444444444
3 0.392578125 0.32625868055555557 0.056640625 0.025115740740740744
4 0.484375 0.31767939814814816 0.048828125 0.0248842592592593