1 0.3475549768518519 0.2923900462962963 0.032971643518518556 0.03551793981481488
0 0.2593605324074074 0.29173900462962965 0.03287037037037033 0.03356481481481488
4 0.3446180555555556 0.3490306712962963 0.0478877314814814 0.02300347222222232
3 0.6383969907407407 0.3551070601851852 0.05980902777777786 0.02777777777777779
4 0.7500289351851852 0.35749421296296297 0.05590277777777786 0.02748842592592593
3 0.43671875 0.3499710648148148 0.051996527777777746 0.02719907407407407
2 0.43975694444444446 0.29137731481481477 0.034924768518518556 0.0356626157407407
7 0.6436921296296296 0.29079861111111116 0.04293981481481479 0.04014756944444442
5 0.5345775462962963 0.35329861111111116 0.02947048611111125 0.04304108796296302
6 0.537818287037037 0.29079861111111116 0.03512731481481479 0.0395688657407407
8 0.7574797453703703 0.2894241898148148 0.04293981481481479 0.04014756944444442
5 0.2544704861111111 0.3482349537037037 0.021455439814814792 0.0385561342592593