3 0.4288194444444444 0.3340133101851852 0.04470486111111116 0.022077546296296324
4 0.16888020833333334 0.35135995370370365 0.052864583333333326 0.02644675925925921
4 0.08472222222222223 0.3582899305555556 0.052517361111111105 0.02254050925925921
3 0.01056857638888889 0.3633825231481481 0.02113715277777778 0.022077546296296324
5 0.25677083333333334 0.3461516203703704 0.02673611111111107 0.038498263888888884
5 0.3428819444444444 0.33910590277777775 0.022482638888888795 0.03436053240740744
2 0.17374131944444443 0.2966724537037037 0.03402777777777777 0.03310185185185188
6 0.26163194444444443 0.2914641203703704 0.03402777777777777 0.03310185185185177
0 0.010731336805555556 0.3106481481481481 0.02146267361111111 0.033217592592592604
7 0.34756944444444443 0.28637152777777775 0.03598090277777777 0.033217592592592604
8 0.43546006944444443 0.28116319444444443 0.03598090277777777 0.033217592592592604
1 0.08958333333333332 0.3036024305555556 0.03368055555555555 0.02919560185185177