0 0.07421875 0.3046875 0.03125 0.03125
1 0.15625 0.302734375 0.03125 0.03125
2 0.234375 0.3046875 0.03125 0.033203125
6 0.3125 0.30078125 0.03125 0.02734375
7 0.39453125 0.302734375 0.033203125 0.037109375
8 0.47265625 0.30078125 0.02734375 0.02734375
5 0.314453125 0.3515625 0.0234375 0.03515625
5 0.392578125 0.349609375 0.021484375 0.037109375
3 0.474609375 0.349609375 0.04296875 0.01953125
3 0.07421875 0.353515625 0.037109375 0.01953125
4 0.154296875 0.353515625 0.041015625 0.01953125
4 0.236328125 0.353515625 0.044921875 0.01953125