3 0.634765625 0.33984375 0.04296875 0.01953125
3 0.5546875 0.34765625 0.041015625 0.01953125
4 0.72265625 0.33203125 0.046875 0.021484375
4 0.818359375 0.326171875 0.05078125 0.021484375
5 0.478515625 0.3515625 0.01953125 0.03515625
7 0.818359375 0.267578125 0.037109375 0.03515625
2 0.634765625 0.28515625 0.03125 0.03515625
8 0.92578125 0.255859375 0.04296875 0.037109375
1 0.552734375 0.294921875 0.025390625 0.02734375
5 0.92578125 0.31640625 0.025390625 0.041015625
6 0.72265625 0.27734375 0.03515625 0.03125
0 0.478515625 0.302734375 0.025390625 0.03125