4 0.5034722222222222 0.28836805555555556 0.05338541666666674 0.02644675925925921
3 0.8118489583333333 0.2545717592592593 0.06119791666666652 0.02690972222222221
4 0.9259982638888888 0.2400462962962963 0.06119791666666652 0.02690972222222221
3 0.599609375 0.2787905092592593 0.05143229166666674 0.0263310185185186
0 0.41927083333333337 0.24291087962962965 0.03689236111111116 0.035170717592592604
5 0.4131944444444444 0.29759837962962965 0.02777777777777768 0.040451388888888884
5 0.7039930555555556 0.26484375 0.02973090277777768 0.040567129629629606
1 0.5099826388888888 0.22977430555555556 0.037109375 0.037123842592592604
2 0.6063368055555556 0.21824363425925924 0.0390625 0.037239583333333326
6 0.7087673611111112 0.20441261574074074 0.03884548611111116 0.035286458333333326
7 0.8190104166666666 0.19011863425925926 0.04296875 0.037471064814814825
8 0.9351128472222223 0.17547743055555556 0.04926215277777768 0.041724537037037046