3 0.5703125 0.35128761574074074 0.029296875 0.01714409722222221
4 0.6171875 0.3547164351851852 0.029296875 0.01714409722222221
4 0.462890625 0.3490451388888889 0.029296875 0.01714409722222221
5 0.400390625 0.34642650462962965 0.01953125 0.0303096064814814
5 0.517578125 0.3501157407407407 0.015625 0.030107060185185164
1 0.462890625 0.3060763888888889 0.0234375 0.024652777777777746
2 0.517578125 0.3110532407407407 0.0234375 0.024652777777777857
3 0.662109375 0.35629340277777777 0.0234375 0.016840277777777746
6 0.568359375 0.31232638888888886 0.01953125 0.0264033564814814
7 0.619140625 0.315552662037037 0.01953125 0.02445023148148151
0 0.400390625 0.30541087962962965 0.0234375 0.026605902777777857
8 0.6640625 0.31908275462962965 0.01953125 0.0244502314814814