3 0.23971354166666667 0.281640625 0.06115451388888887 0.02868923611111107
4 0.8431857638888889 0.27018229166666663 0.06115451388888893 0.02868923611111107
4 0.7259982638888889 0.27278645833333337 0.06115451388888893 0.02868923611111107
3 0.3627604166666667 0.27890625 0.06310763888888893 0.028732638888888884
5 0.4858072916666667 0.27617187499999996 0.030338541666666607 0.04752604166666674
0 0.24140625 0.20546875 0.047829861111111094 0.04401041666666666
1 0.36440972222222223 0.20468750000000002 0.03993055555555558 0.03993055555555558
5 0.6049479166666667 0.27352430555555557 0.030338541666666607 0.04752604166666663
2 0.48745659722222223 0.201953125 0.04383680555555558 0.040017361111111094
7 0.7276041666666666 0.20052083333333331 0.04383680555555536 0.040017361111111094
8 0.8467447916666666 0.19787326388888887 0.04383680555555536 0.040017361111111094
6 0.6065972222222222 0.19930555555555557 0.03797743055555558 0.03988715277777777