6 0.7109375 0.267578125 0.03515625 0.03515625
5 0.912109375 0.3203125 0.025390625 0.041015625
3 0.810546875 0.322265625 0.052734375 0.025390625
7 0.80859375 0.263671875 0.037109375 0.03515625
8 0.912109375 0.26171875 0.037109375 0.03515625
5 0.6171875 0.326171875 0.02734375 0.041015625
3 0.525390625 0.330078125 0.05078125 0.021484375
4 0.43359375 0.33203125 0.046875 0.021484375
1 0.525390625 0.27734375 0.03515625 0.03125
2 0.6171875 0.26953125 0.03515625 0.03515625
4 0.712890625 0.32421875 0.05078125 0.01953125
0 0.43359375 0.27734375 0.03515625 0.03125