0 0.296875 0.271484375 0.041015625 0.037109375
1 0.392578125 0.271484375 0.03515625 0.03515625
2 0.482421875 0.2734375 0.0390625 0.033203125
6 0.578125 0.2734375 0.033203125 0.033203125
7 0.66796875 0.2734375 0.03515625 0.033203125
8 0.76171875 0.275390625 0.03125 0.03515625
3 0.296875 0.328125 0.046875 0.02734375
3 0.390625 0.328125 0.046875 0.0234375
5 0.484375 0.330078125 0.025390625 0.041015625
5 0.576171875 0.330078125 0.02734375 0.04296875
4 0.669921875 0.33203125 0.044921875 0.025390625
4 0.759765625 0.330078125 0.044921875 0.025390625