0 0.40625 0.35546875 0.025390625 0.02734375
4 0.40625 0.392578125 0.03125 0.01953125
1 0.458984375 0.353515625 0.0234375 0.02734375
3 0.458984375 0.388671875 0.029296875 0.021484375
2 0.515625 0.34765625 0.025390625 0.02734375
5 0.515625 0.3828125 0.01953125 0.03125
6 0.576171875 0.34375 0.02734375 0.029296875
4 0.57421875 0.3828125 0.033203125 0.01953125
7 0.638671875 0.337890625 0.025390625 0.025390625
3 0.63671875 0.37890625 0.03515625 0.021484375
8 0.705078125 0.333984375 0.029296875 0.02734375
5 0.703125 0.375 0.01953125 0.0390625