3 0.728269675925926 0.32537615740740744 0.04133391203703707 0.02452256944444442
3 0.47625868055555554 0.34013310185185186 0.04524016203703707 0.02481192129629628
4 0.38836805555555554 0.3466435185185185 0.04524016203703707 0.02481192129629628
6 0.643504050925926 0.2788628472222222 0.02774884259259247 0.02936921296296302
1 0.4754774305555556 0.28739872685185186 0.03165509259259269 0.02965856481481488
5 0.810300925925926 0.3192997685185185 0.022005208333333304 0.03674768518518512
2 0.5594907407407408 0.28313078703703703 0.03561921296296289 0.03385416666666663
4 0.642332175925926 0.33174189814814814 0.04524016203703707 0.02481192129629628
5 0.5602430555555555 0.33391203703703703 0.022005208333333304 0.03674768518518523
0 0.38755787037037037 0.2919560185185185 0.035619212962963 0.03385416666666674
7 0.7274594907407408 0.27068865740740744 0.03561921296296289 0.03385416666666674
8 0.8095486111111111 0.2685185185185185 0.027806712962962887 0.03327546296296302