3 0.42845775462962965 0.33815104166666665 0.04651331018518512 0.022815393518518468
0 0.26106770833333337 0.28836805555555556 0.03342013888888884 0.030222800925925886
4 0.7123119212962963 0.32902199074074073 0.05237268518518512 0.022989004629629606
3 0.609375 0.3337673611111111 0.05237268518518512 0.022989004629629606
4 0.3446180555555556 0.33761574074074074 0.04651331018518512 0.022815393518518468
1 0.34056712962962965 0.28292824074074074 0.02756076388888884 0.03004918981481486
5 0.5177228009259259 0.3330005787037037 0.02842881944444442 0.04176793981481486
7 0.6066984953703705 0.27132523148148147 0.03776041666666652 0.03619791666666661
2 0.4242621527777778 0.28151041666666665 0.03356481481481488 0.032175925925926
8 0.7076822916666667 0.26652199074074073 0.0419560185185186 0.04021990740740744
5 0.26482928240740744 0.33914930555555556 0.02213541666666674 0.03573495370370372
6 0.5135271990740741 0.2763599537037037 0.03385416666666674 0.036082175925925886