0 0.3510416666666667 0.34324363425925924 0.02977430555555549 0.02835648148148151
1 0.4057291666666667 0.3412181712962963 0.02977430555555549 0.0283564814814814
2 0.4604166666666667 0.33919270833333337 0.025694444444444464 0.02625868055555558
6 0.5151041666666667 0.33716724537037035 0.023741319444444464 0.02618634259259256
7 0.5678385416666667 0.33521412037037035 0.027647569444444464 0.0263310185185186
8 0.6244791666666667 0.3331163194444444 0.027647569444444464 0.0263310185185186
5 0.5668402777777778 0.36834490740740744 0.02213541666666674 0.03002025462962954
5 0.6197482638888889 0.36443865740740744 0.021788194444444464 0.02611400462962954
4 0.5141059027777778 0.37029803240740744 0.032638888888888884 0.01678240740740744
3 0.45729166666666665 0.3743489583333333 0.034592013888888884 0.01685474537037035
3 0.40260416666666665 0.3763744212962963 0.034592013888888884 0.01685474537037035
4 0.34791666666666665 0.37839988425925924 0.03476562499999991 0.01880787037037035