4 0.294921875 0.40625 0.02734375 0.01171875
3 0.498046875 0.40625 0.02734375 0.01171875
4 0.345703125 0.40625 0.02734375 0.01171875
3 0.240234375 0.40625 0.025390625 0.01171875
8 0.498046875 0.373046875 0.021484375 0.021484375
0 0.244140625 0.375 0.01953125 0.01953125
7 0.447265625 0.373046875 0.01953125 0.021484375
5 0.39453125 0.40625 0.015625 0.025390625
6 0.39453125 0.373046875 0.021484375 0.021484375
5 0.4453125 0.40625 0.015625 0.025390625
1 0.296875 0.375 0.025390625 0.02734375
1 0.345703125 0.375 0.0234375 0.025390625