3 0.45703125 0.265625 0.06640625 0.01953125
4 0.701171875 0.26953125 0.05859375 0.01953125
3 0.212890625 0.263671875 0.0625 0.021484375
5 0.337890625 0.263671875 0.03125 0.03515625
4 0.818359375 0.26953125 0.056640625 0.01953125
5 0.578125 0.267578125 0.03125 0.03515625
8 0.806640625 0.220703125 0.04296875 0.02734375
2 0.458984375 0.216796875 0.04296875 0.02734375
1 0.34375 0.216796875 0.04296875 0.02734375
7 0.6875 0.220703125 0.037109375 0.02734375
0 0.22265625 0.216796875 0.046875 0.02734375
6 0.57421875 0.216796875 0.04296875 0.02734375