4 0.5104166666666667 0.3550925925925926 0.03256655092592586 0.013903356481481444
4 0.45591724537037037 0.35664062500000004 0.03294270833333335 0.017809606481481444
3 0.3510127314814815 0.36171875 0.029036458333333348 0.017780671296296235
0 0.3007523148148148 0.32621527777777776 0.019835069444444464 0.023567708333333326
5 0.5705873842592593 0.35163483796296297 0.02021122685185195 0.027473958333333326
2 0.3980324074074074 0.3230324074074074 0.024117476851851838 0.027502893518518534
1 0.3492042824074074 0.3226707175925926 0.019835069444444464 0.023567708333333326
3 0.40141782407407406 0.3581886574074074 0.03294270833333335 0.017809606481481444
7 0.5064670138888889 0.3140769675925926 0.023741319444444464 0.023596643518518423
8 0.5664496527777778 0.30866608796296297 0.026070601851851727 0.027517361111111138
6 0.4502025462962963 0.31756365740740744 0.023741319444444464 0.023596643518518423
5 0.3062789351851852 0.36333912037037036 0.016304976851851838 0.027445023148148118