4 0.5342881944444444 0.2638020833333333 0.060850694444444464 0.02647569444444442
3 0.30614872685185185 0.27174479166666665 0.06317997685185184 0.03048321759259265
4 0.42119502314814816 0.26772280092592593 0.06317997685185184 0.03048321759259265
3 0.18896122685185185 0.2778211805555556 0.06317997685185184 0.03048321759259265
7 0.5408709490740741 0.19544270833333333 0.04105902777777781 0.04293981481481479
1 0.19396701388888887 0.20565682870370372 0.04496527777777781 0.04314236111111114
6 0.4258246527777778 0.19946469907407405 0.04068287037037033 0.03903356481481479
5 0.6456163194444444 0.2580295138888889 0.0316695601851853 0.04633969907407409
8 0.6541521990740741 0.18956886574074072 0.04068287037037033 0.03903356481481479
5 0.06824363425925925 0.28019386574074073 0.03185763888888887 0.04829282407407409
0 0.0752025462962963 0.20792824074074073 0.05082465277777776 0.04344618055555555
2 0.3129195601851852 0.20143229166666665 0.04458912037037033 0.03923611111111114