0 0.12087673611111112 0.3169994212962963 0.03450520833333334 0.030222800925925997
1 0.1970486111111111 0.31925636574074073 0.03255208333333337 0.03016493055555558
2 0.2673611111111111 0.32133969907407406 0.03276909722222221 0.03211805555555558
6 0.3435329861111111 0.3235966435185185 0.03038194444444442 0.028153935185185164
7 0.4157986111111111 0.3257378472222222 0.03059895833333337 0.030107060185185164
8 0.48828125 0.32983217592592595 0.03038194444444442 0.028153935185185164
3 0.12565104166666666 0.3599681712962963 0.03949652777777779 0.022583912037037024
3 0.20030381944444442 0.36607349537037037 0.04144965277777779 0.02264178240740744
5 0.27408854166666663 0.3643663194444444 0.02756076388888884 0.03780381944444444
5 0.3467881944444444 0.37041377314814816 0.0234375 0.03573495370370372
4 0.4210069444444444 0.3726128472222222 0.04188368055555558 0.02654803240740744
4 0.4932725694444445 0.37475405092592595 0.03949652777777779 0.022583912037037024