3 0.6677517361111112 0.33032407407407405 0.04636863425925908 0.020196759259259345
3 0.5881076388888888 0.3373697916666667 0.04246238425925908 0.02013888888888893
4 0.7570167824074074 0.3211805555555556 0.04846643518518512 0.022178819444444442
4 0.8540943287037037 0.3119212962962963 0.05237268518518512 0.022236689814814747
5 0.5102719907407407 0.3424334490740741 0.02213541666666674 0.03544560185185186
7 0.849609375 0.2513744212962963 0.03971354166666674 0.03570601851851851
2 0.6635561342592593 0.27368344907407405 0.03385416666666652 0.03561921296296289
8 0.9563078703703703 0.2400173611111111 0.04767071759259256 0.037774884259259234
1 0.5822482638888888 0.28466435185185185 0.02756076388888884 0.029673032407407374
5 0.9607928240740741 0.3005642361111111 0.02842881944444442 0.041391782407407374
6 0.7528211805555556 0.2645399305555556 0.03747106481481488 0.031770833333333304
0 0.5066550925925926 0.2936053240740741 0.02770543981481488 0.031626157407407374