4 0.3075231481481482 0.23140914351851852 0.06358506944444442 0.030193865740740733
4 0.7363425925925926 0.19580439814814815 0.07766203703703711 0.034302662037037024
3 0.5849392361111111 0.2077980324074074 0.07766203703703711 0.034302662037037024
3 0.899464699074074 0.18363715277777776 0.09133391203703711 0.03450520833333337
0 0.19001736111111112 0.16099537037037037 0.047829861111111094 0.04751157407407408
5 0.18171296296296297 0.24107349537037037 0.03476562500000002 0.05316840277777779
5 0.43939525462962964 0.21970486111111112 0.039076967592592604 0.05713252314814815
6 0.5889322916666666 0.13168402777777777 0.055570023148148184 0.02812500000000001
2 0.449855324074074 0.13764467592592594 0.054629629629629584 0.03786168981481486
1 0.3160300925925926 0.14937789351851852 0.045876736111111205 0.04748263888888887
7 0.7420862268518519 0.12161458333333333 0.05805844907407409 0.014510995370370372