3 0.2733072916666667 0.2981770833333333 0.06297743055555549 0.02958622685185186
4 0.7514756944444445 0.31980613425925924 0.05907118055555571 0.02944155092592593
4 0.6323350694444445 0.3153935185185185 0.06297743055555571 0.02958622685185186
3 0.15026041666666667 0.2936197916666667 0.06297743055555555 0.02958622685185186
5 0.39262152777777776 0.30063657407407407 0.03363715277777779 0.04991319444444442
5 0.5115885416666667 0.3070023148148148 0.03346354166666665 0.04796006944444442
0 0.15703125 0.21744791666666666 0.05034722222222221 0.040798611111111105
1 0.2797309027777778 0.22591145833333331 0.04253472222222221 0.0405092592592593
2 0.3988715277777778 0.23032407407407407 0.04644097222222221 0.04065393518518523
7 0.6389322916666667 0.24117476851851852 0.04644097222222232 0.040653935185185175
8 0.7580729166666667 0.24558738425925927 0.04644097222222232 0.040653935185185175
6 0.5199652777777778 0.23480902777777776 0.0425347222222221 0.040509259259259245