0 0.11974826388888889 0.28132233796296297 0.030772569444444425 0.03428819444444442
1 0.19361979166666665 0.2762586805555556 0.030772569444444398 0.03428819444444442
2 0.271484375 0.27329282407407407 0.030772569444444398 0.03428819444444442
6 0.35716145833333335 0.2706163194444444 0.03467881944444451 0.03443287037037046
7 0.44275173611111107 0.2659866898148148 0.03467881944444451 0.03443287037037035
8 0.5401475694444444 0.26374421296296297 0.03467881944444429 0.03443287037037035
5 0.12191840277777778 0.33015046296296297 0.021093749999999994 0.03587962962962965
4 0.1960503472222222 0.3309461805555556 0.04188368055555558 0.02105034722222232
3 0.27604166666666663 0.33195891203703703 0.03993055555555558 0.0209780092592593
3 0.4473958333333333 0.3266059027777778 0.04986979166666661 0.02524594907407407
4 0.5429253472222222 0.32624421296296297 0.05403645833333348 0.03125
5 0.35967881944444446 0.3272569444444444 0.02907986111111116 0.0400752314814814