4 0.8336805555555555 0.38547453703703705 0.03482349537037033 0.016116898148148096
0 0.5552662037037037 0.3622974537037037 0.025868055555555713 0.023784722222222276
3 0.5518229166666666 0.3955005787037037 0.030917245370370328 0.01605902777777779
4 0.7748842592592593 0.3882957175925926 0.035026041666666785 0.018070023148148096
1 0.6119068287037037 0.3614583333333333 0.023712384259259256 0.02180266203703707
5 0.6616030092592593 0.3899739583333333 0.020211226851851727 0.025651041666666652
5 0.7182436342592593 0.389134837962963 0.020211226851851727 0.025651041666666652
3 0.604759837962963 0.39276620370370374 0.03287037037037033 0.016087962962962887
2 0.6650462962962963 0.35677083333333337 0.02586805555555549 0.023784722222222276
8 0.8373263888888889 0.35031828703703705 0.02802372685185195 0.025766782407407374
7 0.7765769675925926 0.3531684027777777 0.025868055555555713 0.023784722222222276
6 0.7218894675925926 0.353978587962963 0.028023726851851727 0.025766782407407485
5 0.28585069444444444 0.4403935185185185 0.012601273148148184 0.02748842592592582
5 0.30127314814814815 0.44211516203703705 0.014351851851851838 0.025564236111111138
8 0.26888020833333337 0.4347945601851852 0.011385995370370328 0.01576967592592593
5 0.24955150462962963 0.43313078703703706 0.011791087962962965 0.01967592592592593
8 0.31669560185185186 0.4438368055555556 0.018460648148148184 0.027575231481481444