3 0.47343749999999996 0.38990162037037035 0.03815104166666661 0.017824074074074048
5 0.5458333333333334 0.3961371527777778 0.021614583333333215 0.03240740740740744
7 0.6834635416666667 0.35954861111111114 0.023177083333333348 0.02666377314814805
2 0.5428385416666667 0.3512152777777777 0.030989583333333348 0.02712673611111116
4 0.6864583333333334 0.4044704861111111 0.03619791666666661 0.017708333333333326
5 0.401171875 0.385619212962963 0.021484375 0.03045428240740744
4 0.6161458333333334 0.40030381944444443 0.03815104166666661 0.017824074074074048
3 0.7567708333333334 0.4086371527777778 0.03619791666666661 0.017708333333333326
8 0.755859375 0.3657841435185185 0.027083333333333348 0.026895254629629606
0 0.3963541666666667 0.34253472222222225 0.030989583333333348 0.02712673611111116
1 0.4705729166666667 0.34693287037037035 0.027083333333333348 0.026895254629629717
6 0.6131510416666667 0.35538194444444443 0.027083333333333348 0.026895254629629606
0 0.029687500000000002 0.4161313657407407 0.00494791666666667 0.015856481481481444
6 0.075 0.42465277777777777 0.013020833333333343 0.020225694444444442
1 0.04947916666666667 0.42119502314814816 0.012760416666666663 0.016319444444444442
8 0.12408854166666666 0.4314525462962963 0.012760416666666663 0.016319444444444442
8 0.10052083333333334 0.42811053240740743 0.013020833333333315 0.020225694444444442
8 0.14427083333333335 0.4423755787037037 0.017968749999999978 0.036082175925925886
8 0.149609375 0.4349103009259259 0.01302083333333337 0.020225694444444442
8 0.032942708333333334 0.43577835648148144 0.0072916666666666685 0.021831597222222276
8 0.1015625 0.44373553240740743 0.013020833333333343 0.020225694444444442
8 0.07369791666666667 0.43430266203703705 0.02421875000000001 0.04228877314814816