3 0.158203125 0.327734375 0.046875 0.016319444444444442
4 0.619140625 0.3248119212962963 0.046875 0.018272569444444553
4 0.525390625 0.3262008101851852 0.052734375 0.022265624999999956
3 0.34375 0.3269386574074074 0.05078125 0.02028356481481486
5 0.435546875 0.3236255787037037 0.029296875 0.02973090277777768
8 0.611328125 0.28391203703703705 0.03125 0.025853587962963
2 0.345703125 0.28589409722222225 0.03515625 0.025911458333333304
5 0.251953125 0.32634548611111114 0.025390625 0.029673032407407485
7 0.5234375 0.28521412037037036 0.029296875 0.02191840277777779
0 0.166015625 0.28855613425925924 0.0390625 0.02596932870370372
1 0.259765625 0.28716724537037036 0.03515625 0.025911458333333304
6 0.4375 0.2845341435185185 0.03515625 0.025911458333333304