0 0.2013888888888889 0.28051215277777775 0.029369212962962965 0.028153935185185164
3 0.3583622685185185 0.3187355324074074 0.04651331018518512 0.022815393518518468
4 0.6349103009259259 0.2949508101851852 0.04846643518518512 0.022873263888888884
3 0.5366753472222222 0.3056568287037037 0.05237268518518512 0.022989004629629606
4 0.2758969907407407 0.327025462962963 0.0424623842592593 0.020746527777777857
1 0.2798032407407407 0.274291087962963 0.02965856481481488 0.032060185185185164
5 0.44654224537037035 0.31222511574074074 0.02423321759259256 0.037745949074074026
7 0.5411603009259259 0.2451099537037037 0.03776041666666674 0.03619791666666672
2 0.3624131944444444 0.2640480324074074 0.03356481481481488 0.032175925925926
6 0.4487847222222222 0.2556423611111111 0.03356481481481488 0.032175925925925886
5 0.19762731481481483 0.33129340277777775 0.02813946759259256 0.03786168981481475
8 0.6412037037037037 0.23629918981481485 0.03971354166666652 0.036255787037037024