3 0.21773726851851855 0.2748553240740741 0.06513310185185184 0.027806712962962887
3 0.4716435185185185 0.27673611111111107 0.06903935185185195 0.027835648148148096
2 0.4644965277777778 0.20251736111111113 0.049247685185185186 0.04525462962962967
1 0.3414496527777778 0.2016059027777778 0.047294560185185186 0.04524016203703707
4 0.7239728009259259 0.28250868055555556 0.06513310185185173 0.027806712962963
5 0.5966435185185185 0.27766203703703707 0.03595196759259256 0.049059606481481444
0 0.21021412037037038 0.1967303240740741 0.053153935185185186 0.04528356481481477
7 0.7144965277777777 0.20436921296296295 0.0492476851851853 0.04525462962962967
4 0.8470196759259259 0.2834201388888889 0.06122685185185173 0.02777777777777779
5 0.3466435185185185 0.2758101851851852 0.036328125000000044 0.052965856481481444
6 0.5912615740740741 0.20150462962962962 0.04496527777777781 0.041319444444444464
8 0.8396846064814815 0.2072482638888889 0.04496527777777781 0.041319444444444464