3 0.095703125 0.234375 0.072265625 0.03125
4 0.52734375 0.23828125 0.068359375 0.03125
5 0.23828125 0.234375 0.03515625 0.056640625
4 0.384765625 0.23828125 0.068359375 0.03125
3 0.66796875 0.23828125 0.068359375 0.03125
2 0.23828125 0.1484375 0.05078125 0.046875
8 0.66796875 0.15234375 0.05078125 0.046875
6 0.380859375 0.1484375 0.05078125 0.046875
7 0.52734375 0.150390625 0.052734375 0.04296875
1 0.095703125 0.1484375 0.046875 0.046875
3 0.15234375 0.46484375 0.01953125 0.01953125
3 0.17578125 0.46484375 0.015625 0.01953125