0 0.266796875 0.2133246527777778 0.05572916666666672 0.046875
1 0.38203125000000004 0.20905671296296297 0.04388020833333339 0.04448784722222221
2 0.4954427083333333 0.2068142361111111 0.04388020833333328 0.04448784722222221
6 0.6087239583333333 0.20261863425925924 0.04388020833333339 0.04448784722222221
7 0.7221354166666667 0.20037615740740738 0.043749999999999956 0.04253472222222221
8 0.835546875 0.19813368055555555 0.03997395833333339 0.04434317129629628
3 0.271484375 0.2836371527777778 0.05859375 0.03139467592592593
3 0.384765625 0.27944155092592593 0.060546875 0.03146701388888884
5 0.5 0.2751736111111111 0.03450520833333326 0.04998553240740744
5 0.6153645833333333 0.2728587962962963 0.03476562499999991 0.05389178240740744
4 0.7266927083333334 0.2687355324074074 0.058723958333333215 0.03334780092592593
4 0.8401041666666667 0.2664930555555555 0.05885416666666665 0.03530092592592593