4 0.20703125 0.349609375 0.04296875 0.01953125
4 0.126953125 0.349609375 0.046875 0.01953125
5 0.28515625 0.34765625 0.01953125 0.03515625
3 0.046875 0.3515625 0.04296875 0.015625
5 0.365234375 0.34765625 0.01953125 0.03515625
3 0.447265625 0.34765625 0.04296875 0.021484375
2 0.205078125 0.30078125 0.02734375 0.02734375
6 0.28515625 0.30078125 0.02734375 0.02734375
7 0.36328125 0.298828125 0.02734375 0.02734375
0 0.04296875 0.30078125 0.03125 0.02734375
8 0.447265625 0.298828125 0.03125 0.02734375
1 0.126953125 0.30078125 0.02734375 0.02734375