3 0.3629340277777777 0.26685474537037035 0.06480034722222228 0.02821180555555558
5 0.49186921296296293 0.2783564814814815 0.03573495370370372 0.04166666666666674
3 0.6188223379629629 0.28776041666666663 0.06474247685185186 0.02430555555555558
4 0.9822482638888889 0.3206741898148148 0.035503472222222276 0.01851851851851849
5 0.7438512731481481 0.29897280092592593 0.029817708333333304 0.03732638888888884
4 0.8708333333333333 0.3103298611111111 0.06278935185185186 0.02416087962962965
6 0.7333333333333334 0.2474681712962963 0.04334490740740726 0.028573495370370405
2 0.6122395833333334 0.2384982638888889 0.049320023148148096 0.03682002314814814
8 0.9735966435185186 0.26721643518518523 0.04535590277777768 0.03262442129629628
7 0.8485966435185186 0.25795717592592593 0.04340277777777768 0.03247974537037035
0 0.368041087962963 0.21650752314814814 0.04926215277777779 0.03291377314814814
1 0.49111689814814813 0.2275752314814815 0.04340277777777779 0.03247974537037035