3 0.2999131944444444 0.4013599537037037 0.03721064814814823 0.014771412037037024
4 0.475708912037037 0.3981047453703703 0.03135127314814823 0.014597800925925997
4 0.419068287037037 0.39978298611111107 0.035286458333333326 0.018619791666666607
8 0.530150462962963 0.36328125 0.02165798611111125 0.024074074074074026
0 0.233203125 0.3623119212962963 0.023611111111111138 0.024131944444444442
3 0.5304108796296296 0.3984375 0.02744502314814823 0.014482060185185164
2 0.35626446759259256 0.36061921296296295 0.023611111111111027 0.024131944444444442
6 0.41682581018518516 0.3607783564814815 0.021643518518518423 0.022120949074074137
1 0.29962384259259256 0.3622974537037037 0.023611111111111027 0.024131944444444442
5 0.3604456018518518 0.39761284722222223 0.017780671296296235 0.027864583333333304
7 0.47543402777777777 0.3609953703703703 0.021657986111111138 0.024074074074074137
5 0.23935185185185184 0.40120081018518516 0.01778067129629629 0.027864583333333304
5 0.01723090277777778 0.4800636574074074 0.021614583333333333 0.018214699074074137
5 0.03482349537037037 0.48149594907407406 0.013773148148148145 0.014076967592592582
5 0.04652777777777778 0.47919560185185184 0.017708333333333326 0.018098958333333304