0 0.580078125 0.33203125 0.03125 0.03125
1 0.650390625 0.33203125 0.025390625 0.029296875
2 0.716796875 0.33203125 0.02734375 0.029296875
6 0.78515625 0.33203125 0.02734375 0.02734375
7 0.8515625 0.333984375 0.025390625 0.0234375
8 0.921875 0.333984375 0.02734375 0.029296875
3 0.580078125 0.375 0.033203125 0.01953125
3 0.6484375 0.375 0.033203125 0.021484375
5 0.716796875 0.375 0.017578125 0.03515625
5 0.78515625 0.373046875 0.01953125 0.033203125
4 0.8515625 0.376953125 0.033203125 0.021484375
4 0.919921875 0.375 0.037109375 0.021484375