3 0.37818287037037035 0.3563368055555556 0.04484953703703698 0.022077546296296324
4 0.29615162037037035 0.3514756944444445 0.04484953703703698 0.022077546296296324
3 0.11879340277777778 0.337037037037037 0.048755787037037035 0.022309027777777768
4 0.03285590277777778 0.33194444444444443 0.048755787037037035 0.022309027777777768
6 0.3014178240740741 0.2967881944444445 0.03192997685185184 0.02907986111111116
7 0.3832609953703704 0.3036024305555556 0.03211805555555558 0.03103298611111116
2 0.21176215277777777 0.2895109953703704 0.03602430555555558 0.031264467592592604
1 0.12582465277777777 0.28441840277777775 0.03211805555555558 0.03103298611111116
5 0.46607349537037035 0.3615451388888889 0.026634837962962954 0.034592013888888884
5 0.20863715277777778 0.3423611111111111 0.026634837962962954 0.034592013888888884
0 0.03616898148148148 0.2771412037037037 0.03993055555555555 0.03149594907407405
8 0.47096354166666665 0.31076388888888884 0.03192997685185184 0.02907986111111116