3 0.41766493055555554 0.27264178240740744 0.06475694444444446 0.02770543981481488
4 0.7592881944444445 0.2619357638888889 0.054991319444444464 0.02734375
3 0.30438368055555554 0.27683738425925924 0.058897569444444464 0.02748842592592593
4 0.8706163194444445 0.2578125 0.058897569444444464 0.02748842592592593
1 0.4258680555555555 0.20225694444444445 0.04431423611111107 0.03862847222222221
5 0.5330729166666667 0.26642071759259256 0.03151041666666665 0.0478877314814814
0 0.30885416666666665 0.2046440972222222 0.04466145833333335 0.04253472222222221
5 0.6461805555555555 0.2641782407407407 0.031336805555555625 0.0459346064814814
2 0.5391493055555556 0.1980613425925926 0.04431423611111107 0.03862847222222221
6 0.6543836805555556 0.1937934027777778 0.04040798611111107 0.03848379629629628
8 0.8766927083333333 0.189453125 0.04040798611111107 0.03848379629629628
7 0.7653645833333333 0.1935763888888889 0.04431423611111107 0.03862847222222221