3 0.49930555555555556 0.23467881944444446 0.07044270833333344 0.02647569444444442
3 0.23758680555555556 0.2463107638888889 0.06653645833333333 0.02630208333333328
4 0.7611979166666667 0.225 0.06653645833333321 0.026302083333333337
4 0.8881510416666667 0.21935763888888887 0.06263020833333321 0.026128472222222254
2 0.4939236111111111 0.17413194444444444 0.049826388888888906 0.035286458333333326
5 0.37039930555555556 0.2404079861111111 0.037022569444444486 0.04444444444444445
8 0.8690972222222222 0.15941840277777777 0.05017361111111107 0.039192708333333326
1 0.366796875 0.17782118055555557 0.04574652777777777 0.03315972222222219
7 0.7421440972222222 0.1650607638888889 0.04574652777777777 0.03315972222222219
5 0.6301649305555556 0.22886284722222222 0.037022569444444375 0.0444444444444444
6 0.6208767361111112 0.16848958333333333 0.04592013888888902 0.03511284722222224
0 0.237890625 0.18355034722222224 0.05373263888888885 0.035460069444444464