3 0.458984375 0.380859375 0.037109375 0.015625
4 0.65234375 0.3828125 0.03515625 0.015625
4 0.58984375 0.37890625 0.03515625 0.015625
8 0.716796875 0.34375 0.025390625 0.021484375
5 0.396484375 0.380859375 0.01953125 0.02734375
3 0.71484375 0.3828125 0.03125 0.015625
6 0.58984375 0.341796875 0.021484375 0.025390625
2 0.525390625 0.341796875 0.025390625 0.025390625
1 0.4609375 0.341796875 0.025390625 0.025390625
5 0.525390625 0.37890625 0.01953125 0.02734375
0 0.39453125 0.341796875 0.025390625 0.021484375
7 0.654296875 0.34375 0.025390625 0.021484375
8 0.03125 0.423828125 0.01171875 0.015625
8 0.140625 0.43359375 0.01171875 0.01953125
2 0.0546875 0.42578125 0.009765625 0.015625
8 0.078125 0.435546875 0.01171875 0.03515625
8 0.099609375 0.4375 0.01171875 0.03125
8 0.12109375 0.431640625 0.009765625 0.01171875
8 0.0625 0.423828125 0.01953125 0.015625
8 0.1328125 0.431640625 0.015625 0.01953125
8 0.1015625 0.431640625 0.009765625 0.01171875
8 0.02734375 0.416015625 0.015625 0.01171875
8 0.05859375 0.435546875 0.02734375 0.02734375