4 0.640625 0.28515625 0.056640625 0.025390625
4 0.28515625 0.279296875 0.05859375 0.02734375
3 0.404296875 0.28125 0.05859375 0.025390625
3 0.521484375 0.283203125 0.0625 0.02734375
6 0.638671875 0.212890625 0.041015625 0.037109375
5 0.75390625 0.28515625 0.03125 0.046875
5 0.8671875 0.28515625 0.02734375 0.046875
0 0.283203125 0.20703125 0.046875 0.04296875
8 0.8671875 0.21875 0.041015625 0.037109375
2 0.521484375 0.2109375 0.04296875 0.041015625
1 0.404296875 0.20703125 0.041015625 0.041015625
7 0.751953125 0.21484375 0.041015625 0.037109375