4 0.9807508680555556 0.26740451388888886 0.038498263888888884 0.026519097222222232
3 0.40924479166666666 0.2782986111111111 0.05972222222222223 0.02669270833333326
3 0.5264322916666666 0.27569444444444446 0.06167534722222223 0.02673611111111107
4 0.8761284722222222 0.2698784722222222 0.05581597222222223 0.026605902777777746
1 0.5232204861111112 0.20342881944444444 0.04275173611111116 0.03997395833333334
0 0.40594618055555554 0.2040798611111111 0.046744791666666674 0.042013888888888906
5 0.7588541666666666 0.2705295138888889 0.03146701388888884 0.04947916666666663
5 0.6435329861111111 0.2711371527777778 0.03146701388888884 0.04947916666666663
2 0.6404079861111112 0.20082465277777778 0.04275173611111116 0.03997395833333334
6 0.7575954861111112 0.1982204861111111 0.04079861111111116 0.03993055555555558
7 0.8730034722222222 0.19956597222222222 0.04275173611111116 0.03997395833333334
8 0.9829427083333333 0.1970486111111111 0.03411458333333339 0.03993055555555558