0 0.09466145833333334 0.21480034722222224 0.04973958333333334 0.04210069444444442
1 0.21966145833333334 0.21202256944444445 0.04570312500000001 0.036154513888888906
2 0.34075520833333334 0.20933159722222222 0.05355902777777777 0.03828124999999999
6 0.4618923611111111 0.20859375000000002 0.04973958333333339 0.04210069444444442
7 0.5790798611111111 0.20598958333333334 0.04969618055555558 0.04014756944444442
8 0.7002604166666666 0.2072048611111111 0.04774305555555536 0.04010416666666666
3 0.08611111111111111 0.26970486111111114 0.07278645833333333 0.025043402777777724
4 0.2111111111111111 0.26692708333333337 0.06497395833333336 0.024869791666666696
5 0.3380208333333333 0.2621527777777778 0.03411458333333339 0.04175347222222214
5 0.46310763888888884 0.26328125 0.03411458333333339 0.04175347222222214
3 0.5842013888888888 0.26059027777777777 0.06879340277777768 0.02105034722222221
4 0.7092447916666667 0.259765625 0.061067708333333304 0.02478298611111107