3 0.513671875 0.267578125 0.05859375 0.02734375
4 0.64453125 0.255859375 0.0625 0.03125
4 0.28125 0.279296875 0.056640625 0.02734375
2 0.39453125 0.197265625 0.04296875 0.04296875
3 0.78125 0.25 0.068359375 0.03125
5 0.39453125 0.271484375 0.03125 0.05078125
0 0.173828125 0.216796875 0.041015625 0.041015625
5 0.17578125 0.28515625 0.025390625 0.046875
6 0.513671875 0.1875 0.041015625 0.04296875
1 0.28125 0.20703125 0.037109375 0.04296875
8 0.78515625 0.1640625 0.05078125 0.046875
7 0.642578125 0.17578125 0.046875 0.046875