0 0.009407552083333333 0.21737557870370372 0.018815104166666666 0.04796006944444442
1 0.11294849537037037 0.24103009259259262 0.04367766203703702 0.04644097222222221
2 0.21772280092592594 0.25665509259259256 0.04126157407407405 0.0385561342592593
6 0.3167534722222222 0.2701099537037037 0.03942418981481477 0.04043692129629628
7 0.4059027777777778 0.28515625 0.04126157407407405 0.0385561342592593
8 0.48540219907407406 0.2978877314814815 0.033912037037037046 0.04607928240740744
3 0.011603009259259259 0.28294994212962965 0.023206018518518518 0.0307436342592593
3 0.1113136574074074 0.3016493055555556 0.06388888888888888 0.02575231481481488
5 0.2142505787037037 0.31524884259259256 0.031611689814814825 0.04014756944444442
5 0.31328124999999996 0.3287037037037037 0.03172743055555549 0.04210069444444442
4 0.3947337962962963 0.34150752314814814 0.05584490740740744 0.02155671296296302
4 0.47837094907407407 0.3504774305555556 0.04998553240740744 0.02133969907407407