0 0.12385706018518518 0.291015625 0.026258680555555552 0.029296875
1 0.19991319444444444 0.287109375 0.030280671296296302 0.033203125
2 0.28171296296296294 0.279296875 0.030280671296296302 0.033203125
6 0.3655815972222222 0.275390625 0.03424479166666672 0.03515625
7 0.4551938657407407 0.267578125 0.0361400462962963 0.033203125
8 0.5487123842592592 0.259765625 0.03418692129629619 0.033203125
5 0.12536168981481483 0.341796875 0.020572916666666663 0.03515625
4 0.20153356481481483 0.341796875 0.04159432870370372 0.01953125
3 0.2833912037037037 0.3359375 0.04171006944444444 0.0234375
5 0.36725983796296297 0.33203125 0.02459490740740744 0.0390625
3 0.4569299768518518 0.326171875 0.04952256944444444 0.0234375
4 0.5525173611111112 0.322265625 0.05348668981481497 0.025390625