4 0.44819155092592594 0.31960358796296295 0.04716435185185186 0.020225694444444442
4 0.5419415509259259 0.31821469907407407 0.04716435185185186 0.020225694444444442
1 0.35555555555555557 0.26432291666666663 0.03363715277777779 0.029788773148148096
3 0.2626446759259259 0.32235243055555557 0.047222222222222276 0.024131944444444442
3 0.7196759259259259 0.31558159722222223 0.04716435185185186 0.020225694444444442
0 0.25985243055555557 0.2657407407407407 0.03754340277777779 0.029846643518518512
2 0.4473813657407407 0.26491608796296295 0.033695023148148096 0.03369502314814821
5 0.6298321759259259 0.31691261574074076 0.027893518518518512 0.03751446759259258
5 0.35444155092592594 0.32099247685185184 0.023987268518518512 0.037456597222222276
7 0.6290219907407407 0.26222511574074076 0.033695023148148096 0.033695023148148096
6 0.5391782407407407 0.2635561342592593 0.029788773148148096 0.03363715277777779
8 0.7227719907407407 0.2608362268518518 0.033695023148148096 0.033695023148148096