4 0.50390625 0.267578125 0.0625 0.02734375
4 0.623046875 0.2734375 0.05859375 0.02734375
1 0.2421875 0.17578125 0.046875 0.04296875
4 0.373046875 0.26171875 0.06640625 0.025390625
2 0.373046875 0.18359375 0.046875 0.04296875
3 0.240234375 0.25390625 0.068359375 0.02734375
0 0.099609375 0.16796875 0.056640625 0.046875
7 0.62109375 0.19921875 0.04296875 0.041015625
6 0.501953125 0.19140625 0.041015625 0.04296875
5 0.73828125 0.27734375 0.025390625 0.05078125
5 0.09765625 0.248046875 0.03515625 0.052734375
8 0.73828125 0.205078125 0.041015625 0.041015625