4 0.30060763888888886 0.36953125 0.033984374999999956 0.01905381944444451
3 0.4214409722222222 0.3807725694444445 0.033984374999999956 0.01905381944444451
3 0.5225694444444444 0.3950520833333333 0.028124999999999956 0.018793402777777857
4 0.47586805555555556 0.3890625 0.030078124999999956 0.01888020833333326
2 0.3647569444444444 0.33519965277777775 0.024479166666666607 0.024479166666666607
1 0.3006510416666667 0.32452256944444446 0.024479166666666607 0.024479166666666607
5 0.36302083333333335 0.37426215277777775 0.01888020833333326 0.030078124999999956
5 0.2306423611111111 0.35859375 0.020833333333333315 0.03016493055555558
6 0.42317708333333337 0.3417100694444445 0.020746527777777857 0.02821180555555558
0 0.23255208333333333 0.315625 0.028385416666666663 0.024652777777777746
8 0.526171875 0.35802951388888893 0.018619791666666607 0.024218749999999956
7 0.4756510416666667 0.34991319444444446 0.020572916666666607 0.02430555555555558