0 0.13968460648148148 0.35669849537037035 0.029224537037037035 0.025593171296296235
1 0.20247395833333334 0.35325520833333335 0.023365162037037035 0.025549768518518534
2 0.26106770833333337 0.35368923611111114 0.02336516203703698 0.025549768518518423
6 0.32356770833333337 0.3541521990740741 0.02727141203703698 0.025578703703703742
7 0.38411458333333337 0.3546006944444444 0.02336516203703698 0.025549768518518423
8 0.44646990740740744 0.3570167824074074 0.02698206018518512 0.02167245370370363
5 0.19777199074074073 0.39035011574074074 0.021412037037037035 0.02553530092592593
3 0.13708043981481483 0.39185474537037035 0.03826678240740744 0.015899884259259256
4 0.2619357638888889 0.3947337962962963 0.03450520833333337 0.017824074074074048
4 0.3205295138888889 0.3951678240740741 0.04231770833333337 0.017881944444444464
5 0.38317418981481477 0.393677662037037 0.02155671296296302 0.02748842592592593
3 0.4435763888888889 0.3960792824074074 0.03645833333333337 0.017838541666666652