3 0.8415075231481481 0.21931423611111112 0.07663483796296289 0.033506944444444464
3 0.24184027777777778 0.2331741898148148 0.076634837962963 0.033506944444444464
4 0.5465567129629629 0.22609953703703706 0.0727864583333333 0.03729745370370374
0 0.08813657407407408 0.1458912037037037 0.05541087962962962 0.05044849537037038
4 0.6911168981481481 0.22377025462962963 0.07272858796296289 0.03339120370370369
2 0.39282407407407405 0.13686342592592593 0.05541087962962954 0.05044849537037038
5 0.3941840277777778 0.22866030092592593 0.03602430555555558 0.05963541666666661
5 0.08949652777777778 0.2376880787037037 0.03602430555555555 0.05963541666666666
6 0.541261574074074 0.13246527777777778 0.05150462962962976 0.050332754629629606
1 0.24243344907407405 0.14131944444444444 0.05150462962962965 0.05033275462962966
7 0.6916811342592593 0.12996238425925927 0.05543981481481475 0.05240162037037033
8 0.8421006944444445 0.12745949074074076 0.05150462962962976 0.050332754629629606