4 0.076171875 0.326171875 0.046875 0.021484375
2 0.2578125 0.26171875 0.03515625 0.03515625
4 0.3515625 0.318359375 0.052734375 0.025390625
3 0.44921875 0.31640625 0.052734375 0.021484375
5 0.2578125 0.322265625 0.029296875 0.04296875
1 0.166015625 0.265625 0.03125 0.03125
6 0.3515625 0.2578125 0.03515625 0.03515625
8 0.546875 0.251953125 0.037109375 0.03515625
7 0.447265625 0.25390625 0.037109375 0.03515625
3 0.166015625 0.32421875 0.05078125 0.021484375
0 0.076171875 0.26953125 0.03515625 0.03515625
5 0.548828125 0.3125 0.02734375 0.04296875