4 0.3046875 0.3204427083333333 0.04296875 0.021440972222222188
3 0.388671875 0.31671006944444446 0.04296875 0.021440972222222188
6 0.552734375 0.26059027777777777 0.02734375 0.030512152777777746
4 0.552734375 0.31137152777777777 0.0390625 0.01931423611111116
7 0.634765625 0.2569444444444444 0.029296875 0.03059895833333326
5 0.712890625 0.3062065972222222 0.01953125 0.03407118055555558
1 0.388671875 0.26397569444444446 0.029296875 0.03059895833333326
3 0.634765625 0.3096788194444444 0.04296875 0.021440972222222188
5 0.470703125 0.3130642361111111 0.0234375 0.03424479166666661
2 0.470703125 0.2622829861111111 0.033203125 0.028819444444444398
0 0.302734375 0.26779513888888884 0.033203125 0.03077256944444451
8 0.71484375 0.2553385416666667 0.029296875 0.02864583333333326