1 0.022048611111111113 0.3647569444444444 0.025347222222222222 0.022526041666666607
2 0.06644965277777778 0.3686197916666667 0.023567708333333326 0.024392361111111205
6 0.10694444444444445 0.37265625 0.017361111111111105 0.020225694444444442
7 0.1435329861111111 0.37686631944444443 0.023567708333333326 0.024392361111111094
8 0.17816840277777776 0.38116319444444446 0.017361111111111105 0.020225694444444442
4 0.01714409722222222 0.398046875 0.02873263888888889 0.016840277777777857
5 0.065625 0.39978298611111107 0.021788194444444436 0.02625868055555558
3 0.10416666666666666 0.40390625 0.024826388888888884 0.016666666666666607
4 0.14110243055555555 0.4042100694444445 0.018967013888888884 0.016406249999999956
3 0.1755642361111111 0.41046006944444446 0.018967013888888884 0.016406249999999956
0 0.9164930555555555 0.3697482638888889 0.01753472222222241 0.022178819444444442
1 0.9537760416666666 0.36614583333333334 0.021440972222222188 0.02235243055555558