7 0.7515624999999999 0.29803240740740744 0.04166666666666652 0.0405092592592593
3 0.4686197916666667 0.3717447916666667 0.046354166666666696 0.02314814814814814
4 0.390234375 0.37275752314814814 0.040494791666666696 0.0229311342592593
4 0.6473958333333334 0.3627025462962963 0.05039062499999991 0.02524594907407407
6 0.6494791666666666 0.30208333333333337 0.03359375000000009 0.03631365740740744
3 0.7493489583333333 0.36060474537037035 0.05624999999999991 0.02546296296296302
5 0.8555989583333333 0.35279224537037035 0.03424479166666661 0.04607928240740744
5 0.5549479166666667 0.36906828703703703 0.026171874999999956 0.04188368055555558
2 0.5569010416666667 0.31040219907407407 0.03750000000000009 0.03645833333333337
1 0.47239583333333335 0.31510416666666663 0.029427083333333326 0.0322627314814814
8 0.8617187500000001 0.2903645833333333 0.04361979166666652 0.04058159722222221
0 0.39375 0.32002314814814814 0.029687499999999978 0.03616898148148151