4 0.4630208333333333 0.3208333333333333 0.054817708333333326 0.024218749999999956
2 0.25104166666666666 0.24790219907407407 0.04448784722222221 0.03967013888888893
3 0.562109375 0.3252170138888889 0.05464409722222219 0.022265624999999956
3 0.13025173611111113 0.312109375 0.060677083333333326 0.02430555555555558
5 0.2451388888888889 0.31430844907407407 0.031336805555555514 0.04532696759259258
5 0.011783854166666666 0.30614872685185185 0.023567708333333333 0.045384837962963
4 0.35594618055555555 0.31851851851851853 0.056770833333333326 0.024247685185185164
1 0.13667534722222222 0.23984375000000002 0.04856770833333335 0.041681134259259234
6 0.3598958333333333 0.2521412037037037 0.042187500000000044 0.03573495370370372
0 0.018109809027777778 0.23778935185185185 0.036219618055555555 0.039728009259259234
8 0.5696180555555556 0.2626880787037037 0.038281250000000044 0.035677083333333304
7 0.46875 0.2563802083333333 0.042187500000000044 0.03573495370370372