3 0.564453125 0.388671875 0.02734375 0.015625
4 0.607421875 0.39453125 0.02734375 0.015625
4 0.4609375 0.3828125 0.02734375 0.015625
5 0.40234375 0.376953125 0.01953125 0.02734375
5 0.513671875 0.38671875 0.015625 0.02734375
1 0.4609375 0.341796875 0.021484375 0.021484375
2 0.513671875 0.34765625 0.021484375 0.021484375
3 0.65234375 0.3984375 0.021484375 0.015625
6 0.5625 0.353515625 0.01953125 0.025390625
7 0.609375 0.357421875 0.01953125 0.021484375
0 0.40234375 0.337890625 0.021484375 0.025390625
8 0.65234375 0.36328125 0.01953125 0.021484375