3 0.6498697916666667 0.2080150462962963 0.06325231481481497 0.02909432870370371
4 0.7731481481481481 0.20853587962962963 0.05739293981481475 0.028747106481481488
3 0.8864872685185186 0.20377604166666669 0.05934606481481497 0.02886284722222221
4 0.39372106481481484 0.21341145833333333 0.0693431712962963 0.03725405092592593
5 0.5227430555555556 0.20967881944444444 0.03476562499999991 0.054701967592592604
5 0.25091145833333334 0.21404803240740738 0.038787615740740744 0.05883969907407405
2 0.5223813657407408 0.13143807870370372 0.050217013888888884 0.04976851851851849
0 0.2504340277777778 0.13190104166666666 0.05400752314814816 0.04609374999999999
6 0.6476128472222222 0.1318431712962963 0.04424189814814827 0.045515046296296324
8 0.8842881944444445 0.12955729166666669 0.04033564814814827 0.04528356481481477
1 0.3892795138888889 0.12954282407407408 0.04814814814814816 0.04574652777777777
7 0.7669270833333333 0.1306423611111111 0.04424189814814827 0.045515046296296324