5 0.052734375 0.408203125 0.01171875 0.021484375
3 0.166015625 0.419921875 0.01953125 0.015625
4 0.19921875 0.423828125 0.015625 0.015625
4 0.09375 0.412109375 0.01953125 0.01171875
5 0.130859375 0.416015625 0.01171875 0.01953125
1 0.09375 0.3828125 0.01953125 0.021484375
6 0.166015625 0.39453125 0.01171875 0.01953125
2 0.12890625 0.388671875 0.015625 0.021484375
8 0.2265625 0.40234375 0.015625 0.01953125
7 0.197265625 0.3984375 0.01171875 0.015625
0 0.05078125 0.37890625 0.015625 0.01953125
3 0.224609375 0.42578125 0.01171875 0.015625