4 0.18383969907407408 0.3521990740740741 0.043041087962962965 0.02013888888888893
3 0.10180844907407408 0.3534143518518519 0.039134837962962965 0.020081018518518512
3 0.502199074074074 0.34748263888888886 0.04304108796296302 0.02013888888888893
4 0.26196469907407405 0.3510416666666667 0.04304108796296302 0.02013888888888893
0 0.10687210648148147 0.3045862268518519 0.03428819444444445 0.029759837962962887
7 0.42954282407407407 0.2959056712962963 0.03233506944444442 0.02973090277777779
8 0.5096209490740741 0.2947193287037037 0.03428819444444442 0.029759837962963
6 0.3471064814814815 0.30102719907407405 0.03233506944444442 0.02973090277777768
5 0.3422453703703704 0.34790219907407405 0.025130208333333348 0.03547453703703707
1 0.1889033564814815 0.3033709490740741 0.03233506944444442 0.02973090277777779
2 0.2650752314814815 0.30224247685185185 0.03428819444444442 0.029759837962963
5 0.4242766203703704 0.3466869212962963 0.025130208333333348 0.03547453703703707